COVID-19 Cases, by Zip Code
Reported Cases
0 Cases
1 - 10 Cases
11 - 24 Cases
25-49 Cases
50-100 Cases
>100 Cases

© OpenStreetMap

COVID-19 Cases by Zip Code
Zip

29001
29003
29006
29009
29010
29014
29015
29016
29018
29020
29030
29031
29032
29033
29036
29037
29038
29039
29040
29042
29044
29045
29047
29048
29051
29052
29053
29054
29055
29056
29058
29059
29061
29063
29065
29067
29069
29070
29072
29073
29074
29075
29078

Rep. Cases

Est. Cases

Total Cases

15
23
36
12
204
13
15
102
8
186
16
2
20
50
88
2
7
14
41
24
22
181
44
16
11
7
102
32
42
9
10
19
57
124
3
22
21
49
252
159
0
10
80

92
141
221
74
1,253
80
92
627
49
1,143
98
12
123
307
541
12
43
86
252
147
135
1,112
270
98
68
43
627
197
258
55
61
117
350
762
18
135
129
301
1,548
977
6
61
491

107
164
257
86
1,457
93
107
729
57
1,329
114
14
143
357
629
14
50
100
293
171
157
1,293
314
114
79
50
729
229
300
64
71
136
407
886
21
157
150
350
1,800
1,136
6
71
571

COVID-19 Cases by Zip Code
Zip

29080
29081
29082
29101
29102
29104
29105
29107
29108
29111
29112
29113
29114
29115
29118
29122
29123
29125
29126
29127
29128
29129
29130
29133
29135
29137
29138
29142
29145
29146
29148
29150
29152
29153
29154
29160
29161
29162
29163
29164
29166
29168
29169

Rep. Cases

Est. Cases

Total Cases

27
0
5
13
221
8
3
11
62
4
33
1
13
160
52
0
17
20
3
21
62
11
124
2
29
13
156
25
1
3
77
232
3
90
169
31
49
18
16
18
0
18
182

166
6
31
80
1,358
49
18
68
381
25
203
6
80
983
319
6
104
123
18
129
381
68
762
12
178
80
958
154
6
18
473
1,425
18
553
1,038
190
301
111
98
111
6
111
1,118

193
6
36
93
1,579
57
21
79
443
29
236
7
93
1,143
371
6
121
143
21
150
443
79
886
14
207
93
1,114
179
7
21
550
1,657
21
643
1,207
221
350
129
114
129
6
129
1,300

COVID-19 Cases by Zip Code
Zip

29170
29172
29175
29178
29180
29201
29203
29204
29205
29206
29207
29208
29209
29210
29212
29223
29229
29301
29302
29303
29306
29307
29316
29321
29322
29323
29325
29330
29332
29333
29334
29335
29340
29341
29346
29349
29351
29353
29355
29356
29360
29365
29369

Rep. Cases

Est. Cases

Total Cases

123
45
1
6
82
246
201
104
132
93
186
3
143
184
87
397
282
117
55
124
57
48
75
2
17
38
78
22
2
0
62
8
31
51
0
143
2
5
6
21
49
44
35

756
276
6
37
504
1,511
1,235
639
811
571
1,143
18
878
1,130
534
2,439
1,732
719
338
762
350
295
461
12
104
233
479
135
12
6
381
49
190
313
6
878
12
31
37
129
301
270
215

879
321
7
43
586
1,757
1,436
743
943
664
1,329
21
1,021
1,314
621
2,836
2,014
836
393
886
407
343
536
14
121
271
557
157
14
6
443
57
221
364
6
1,021
14
36
43
150
350
314
250

COVID-19 Cases by Zip Code
Zip

29370
29372
29374
29375
29376
29377
29379
29384
29385
29388
29401
29403
29404
29405
29406
29407
29409
29410
29412
29414
29418
29420
29424
29425
29426
29429
29431
29432
29434
29435
29436
29437
29438
29439
29440
29445
29446
29448
29449
29450
29451
29452
29453

Rep. Cases

Est. Cases

Total Cases

3
13
11
1
27
0
39
4
66
37
40
116
5
72
142
95
2
98
70
96
87
83
0
55
4
11
3
7
0
16
6
1
1
3
76
114
3
3
22
5
8
2
2

18
80
68
6
166
6
240
25
405
227
246
713
31
442
872
584
12
602
430
590
534
510
6
338
25
68
18
43
6
98
37
6
6
18
467
700
18
18
135
31
49
12
12

21
93
79
7
193
6
279
29
471
264
286
829
36
514
1,014
679
14
700
500
686
621
593
6
393
29
79
21
50
6
114
43
7
7
21
543
814
21
21
157
36
57
14
14

COVID-19 Cases by Zip Code
Zip

29455
29456
29458
29461
29464
29466
29468
29469
29470
29471
29472
29474
29475
29477
29479
29481
29482
29483
29485
29486
29487
29488
29492
29493
29501
29505
29506
29510
29511
29512
29516
29518
29519
29520
29525
29526
29527
29530
29532
29536
29540
29541
29543

Rep. Cases

Est. Cases

Total Cases

53
88
8
96
123
97
2
1
11
5
7
2
7
12
20
21
8
106
87
53
5
145
20
2
291
137
124
19
21
154
6
13
0
161
16
158
94
18
176
115
35
45
5

326
541
49
590
756
596
12
6
68
31
43
12
43
74
123
129
49
651
534
326
31
891
123
12
1,788
842
762
117
129
946
37
80
6
989
98
971
577
111
1,081
706
215
276
31

379
629
57
686
879
693
14
7
79
36
50
14
50
86
143
150
57
757
621
379
36
1,036
143
14
2,079
979
886
136
150
1,100
43
93
6
1,150
114
1,129
671
129
1,257
821
250
321
36

COVID-19 Cases by Zip Code
Zip

29544
29545
29546
29547
29550
29554
29555
29556
29560
29563
29564
29565
29566
29567
29568
29569
29570
29571
29572
29574
29575
29576
29577
29579
29580
29581
29582
29583
29584
29585
29588
29590
29591
29592
29593
29594
29596
29601
29605
29607
29609
29611
29615

Rep. Cases

Est. Cases

Total Cases

11
12
9
19
127
64
19
184
92
16
4
42
87
6
143
171
21
52
44
47
54
75
143
180
11
25
82
27
13
66
131
13
43
7
3
0
13
106
337
173
223
500
143

68
74
55
117
780
393
117
1,130
565
98
25
258
534
37
878
1,050
129
319
270
289
332
461
878
1,106
68
154
504
166
80
405
805
80
264
43
18
6
80
651
2,070
1,063
1,370
3,071
878

79
86
64
136
907
457
136
1,314
657
114
29
300
621
43
1,021
1,221
150
371
314
336
386
536
1,021
1,286
79
179
586
193
93
471
936
93
307
50
21
6
93
757
2,407
1,236
1,593
3,571
1,021

COVID-19 Cases by Zip Code
Zip

29617
29620
29621
29624
29625
29626
29627
29628
29630
29631
29634
29635
29638
29639
29640
29642
29643
29644
29645
29646
29649
29650
29651
29653
29654
29655
29657
29658
29661
29662
29664
29665
29666
29667
29669
29670
29671
29672
29673
29676
29678
29680
29681

Rep. Cases

Est. Cases

Total Cases

314
48
83
37
47
19
30
6
10
22
0
4
2
2
114
122
1
66
30
167
107
149
222
16
17
17
34
0
23
51
0
0
20
0
47
11
42
10
137
7
30
111
159

1,929
295
510
227
289
117
184
37
61
135
6
25
12
12
700
749
6
405
184
1,026
657
915
1,364
98
104
104
209
6
141
313
6
6
123
6
289
68
258
61
842
43
184
682
977

2,243
343
593
264
336
136
214
43
71
157
6
29
14
14
814
871
7
471
214
1,193
764
1,064
1,586
114
121
121
243
6
164
364
6
6
143
6
336
79
300
71
979
50
214
793
1,136

COVID-19 Cases by Zip Code
Zip

29682
29683
29684
29685
29686
29687
29689
29690
29691
29692
29693
29696
29697
29702
29704
29706
29707
29708
29709
29710
29712
29714
29715
29717
29718
29720
29726
29727
29728
29729
29730
29732
29741
29742
29743
29745
29801
29803
29805
29809
29810
29812
29817

Rep. Cases

Est. Cases

Total Cases

8
1
6
2
0
201
4
61
23
11
17
6
38
9
7
44
55
67
36
98
7
14
89
5
18
204
1
6
41
8
165
180
6
4
2
65
35
42
3
3
16
22
26

49
6
37
12
6
1,235
25
375
141
68
104
37
233
55
43
270
338
412
221
602
43
86
547
31
111
1,253
6
37
252
49
1,014
1,106
37
25
12
399
215
258
18
18
98
135
160

57
7
43
14
6
1,436
29
436
164
79
121
43
271
64
50
314
393
479
257
700
50
100
636
36
129
1,457
7
43
293
57
1,179
1,286
43
29
14
464
250
300
21
21
114
157
186

COVID-19 Cases by Zip Code
Zip

29819
29821
29824
29827
29828
29829
29831
29832
29835
29836
29838
29840
29841
29842
29843
29845
29847
29848
29849
29851
29853
29856
29860
29902
29904
29906
29907
29909
29910
29911
29912
29915
29916
29918
29920
29921
29922
29923
29924
29926
29927
29928
29929

Rep. Cases

Est. Cases

Total Cases

2
0
12
17
0
21
5
26
10
0
1
0
65
9
0
0
9
3
2
10
10
2
24
133
1
77
36
34
168
2
1
1
2
10
32
0
3
1
13
97
27
35
4

12
6
74
104
6
129
31
160
61
6
6
6
399
55
6
6
55
18
12
61
61
12
147
817
6
473
221
209
1,032
12
6
6
12
61
197
6
18
6
80
596
166
215
25

14
6
86
121
6
150
36
186
71
6
7
6
464
64
6
6
64
21
14
71
71
14
171
950
7
550
257
243
1,200
14
7
7
14
71
229
6
21
7
93
693
193
250
29

COVID-19 Cases by Zip Code
Zip

29932
29934
29935
29936
29940
29941
29943
29944
29945

Rep. Cases

Est. Cases

Total Cases

1
3
11
25
4
1
1
10
20

6
18
68
154
25
6
6
61
123

7
21
79
179
29
7
7
71
143

