COVID-19 Cases, by Zip Code
Reported Cases
0 Cases
1 - 5 Cases
6 - 15 Cases
16 - 40 Cases
>40 Cases

© OpenStreetMap

COVID-19 Cases by Zip Code
Zip

29001
29003
29006
29009
29010
29014
29015
29016
29018
29020
29030
29031
29032
29033
29036
29037
29038
29039
29040
29042
29044
29045
29047
29048
29051
29052
29053
29054
29055
29056
29058
29059
29061
29063
29065
29067
29069
29070
29072
29073
29074
29075
29078

Rep. Cases

Est. Cases

Total Cases

11
8
24
7
156
3
3
59
1
139
1
1
8
13
57
0
4
5
19
11
15
93
3
10
5
6
42
11
9
3
5
13
41
58
1
12
14
27
99
69
0
3
52

68
49
147
43
958
18
18
362
6
854
6
6
49
80
350
6
25
31
117
68
92
571
18
61
31
37
258
68
55
18
31
80
252
356
6
74
86
166
608
424
6
18
319

79
57
171
50
1,114
21
21
421
7
993
7
7
57
93
407
6
29
36
136
79
107
664
21
71
36
43
300
79
64
21
36
93
293
414
7
86
100
193
707
493
6
21
371

COVID-19 Cases by Zip Code
Zip

29080
29081
29082
29101
29102
29104
29105
29107
29108
29111
29112
29113
29114
29115
29118
29122
29123
29125
29126
29127
29128
29129
29130
29133
29135
29137
29138
29142
29145
29146
29148
29150
29152
29153
29154
29160
29161
29162
29163
29164
29166
29168
29169

Rep. Cases

Est. Cases

Total Cases

20
0
0
9
186
4
2
4
25
4
16
0
12
31
16
0
6
13
1
9
30
7
110
1
7
10
122
8
1
2
71
112
3
49
101
18
35
12
10
8
0
5
84

123
6
6
55
1,143
25
12
25
154
25
98
6
74
190
98
6
37
80
6
55
184
43
676
6
43
61
749
49
6
12
436
688
18
301
620
111
215
74
61
49
6
31
516

143
6
6
64
1,329
29
14
29
179
29
114
6
86
221
114
6
43
93
7
64
214
50
786
7
50
71
871
57
7
14
507
800
21
350
721
129
250
86
71
57
6
36
600

COVID-19 Cases by Zip Code
Zip

29170
29172
29175
29178
29180
29201
29203
29204
29205
29206
29207
29208
29209
29210
29212
29223
29229
29301
29302
29303
29306
29307
29316
29321
29322
29323
29325
29330
29332
29333
29334
29335
29340
29341
29346
29349
29351
29353
29355
29356
29360
29365
29369

Rep. Cases

Est. Cases

Total Cases

34
23
1
4
34
35
147
61
31
33
100
2
84
130
46
263
199
37
18
26
35
17
39
1
11
19
14
4
1
0
26
4
13
9
0
48
0
1
1
7
17
27
16

209
141
6
25
209
215
903
375
190
203
614
12
516
799
283
1,616
1,222
227
111
160
215
104
240
6
68
117
86
25
6
6
160
25
80
55
6
295
6
6
6
43
104
166
98

243
164
7
29
243
250
1,050
436
221
236
714
14
600
929
329
1,879
1,421
264
129
186
250
121
279
7
79
136
100
29
7
6
186
29
93
64
6
343
6
7
7
50
121
193
114

COVID-19 Cases by Zip Code
Zip

29370
29372
29374
29375
29376
29377
29379
29384
29385
29388
29401
29403
29404
29405
29406
29407
29409
29410
29412
29414
29418
29420
29424
29425
29426
29429
29431
29432
29434
29435
29436
29437
29438
29439
29440
29445
29446
29448
29449
29450
29451
29452
29453

Rep. Cases

Est. Cases

Total Cases

2
10
5
1
16
0
28
1
33
20
16
32
2
42
32
45
1
51
45
41
40
31
0
18
1
6
0
1
0
4
2
1
1
2
28
40
2
3
11
3
7
0
1

12
61
31
6
98
6
172
6
203
123
98
197
12
258
197
276
6
313
276
252
246
190
6
111
6
37
6
6
6
25
12
6
6
12
172
246
12
18
68
18
43
6
6

14
71
36
7
114
6
200
7
236
143
114
229
14
300
229
321
7
364
321
293
286
221
6
129
7
43
6
7
6
29
14
7
7
14
200
286
14
21
79
21
50
6
7

COVID-19 Cases by Zip Code
Zip

29455
29456
29458
29461
29464
29466
29468
29469
29470
29471
29472
29474
29475
29477
29479
29481
29482
29483
29485
29486
29487
29488
29492
29493
29501
29505
29506
29510
29511
29512
29516
29518
29519
29520
29525
29526
29527
29530
29532
29536
29540
29541
29543

Rep. Cases

Est. Cases

Total Cases

17
28
3
73
68
47
2
0
5
2
3
0
4
5
12
3
8
42
40
12
5
48
11
0
180
90
96
9
7
71
6
4
0
63
5
38
38
11
112
86
19
35
1

104
172
18
448
418
289
12
6
31
12
18
6
25
31
74
18
49
258
246
74
31
295
68
6
1,106
553
590
55
43
436
37
25
6
387
31
233
233
68
688
528
117
215
6

121
200
21
521
486
336
14
6
36
14
21
6
29
36
86
21
57
300
286
86
36
343
79
6
1,286
643
686
64
50
507
43
29
6
450
36
271
271
79
800
614
136
250
7

COVID-19 Cases by Zip Code
Zip

29544
29545
29546
29547
29550
29554
29555
29556
29560
29563
29564
29565
29566
29567
29568
29569
29570
29571
29572
29574
29575
29576
29577
29579
29580
29581
29582
29583
29584
29585
29588
29590
29591
29592
29593
29594
29596
29601
29605
29607
29609
29611
29615

Rep. Cases

Est. Cases

Total Cases

5
5
5
11
94
34
12
128
54
15
3
27
16
4
25
65
4
35
6
20
16
26
31
27
10
13
9
21
3
14
36
11
29
1
2
0
4
35
102
64
105
127
55

31
31
31
68
577
209
74
786
332
92
18
166
98
25
154
399
25
215
37
123
98
160
190
166
61
80
55
129
18
86
221
68
178
6
12
6
25
215
627
393
645
780
338

36
36
36
79
671
243
86
914
386
107
21
193
114
29
179
464
29
250
43
143
114
186
221
193
71
93
64
150
21
100
257
79
207
7
14
6
29
250
729
457
750
907
393

COVID-19 Cases by Zip Code
Zip

29617
29620
29621
29624
29625
29626
29627
29628
29630
29631
29634
29635
29638
29639
29640
29642
29643
29644
29645
29646
29649
29650
29651
29653
29654
29655
29657
29658
29661
29662
29664
29665
29666
29667
29669
29670
29671
29672
29673
29676
29678
29680
29681

Rep. Cases

Est. Cases

Total Cases

86
25
57
25
29
10
14
4
1
5
0
2
2
1
39
50
0
30
17
33
28
48
97
0
8
14
9
0
6
25
0
0
8
0
25
6
6
7
51
5
15
66
83

528
154
350
154
178
61
86
25
6
31
6
12
12
6
240
307
6
184
104
203
172
295
596
6
49
86
55
6
37
154
6
6
49
6
154
37
37
43
313
31
92
405
510

614
179
407
179
207
71
100
29
7
36
6
14
14
7
279
357
6
214
121
236
200
343
693
6
57
100
64
6
43
179
6
6
57
6
179
43
43
50
364
36
107
471
593

COVID-19 Cases by Zip Code
Zip

29682
29683
29684
29685
29686
29687
29689
29690
29691
29692
29693
29696
29697
29702
29704
29706
29707
29708
29709
29710
29712
29714
29715
29717
29718
29720
29726
29727
29728
29729
29730
29732
29741
29742
29743
29745
29801
29803
29805
29809
29810
29812
29817

Rep. Cases

Est. Cases

Total Cases

3
0
5
0
0
77
2
30
3
7
10
2
12
3
3
19
28
36
13
45
2
7
42
2
7
84
0
0
17
6
67
107
4
1
1
19
26
32
2
1
16
19
13

18
6
31
6
6
473
12
184
18
43
61
12
74
18
18
117
172
221
80
276
12
43
258
12
43
516
6
6
104
37
412
657
25
6
6
117
160
197
12
6
98
117
80

21
6
36
6
6
550
14
214
21
50
71
14
86
21
21
136
200
257
93
321
14
50
300
14
50
600
6
6
121
43
479
764
29
7
7
136
186
229
14
7
114
136
93

COVID-19 Cases by Zip Code
Zip

29819
29821
29824
29827
29828
29829
29831
29832
29835
29836
29838
29840
29841
29842
29843
29845
29847
29848
29849
29851
29853
29856
29860
29902
29904
29906
29907
29909
29910
29911
29912
29915
29916
29918
29920
29921
29922
29923
29924
29926
29927
29928
29929

Rep. Cases

Est. Cases

Total Cases

0
0
9
13
0
13
4
24
7
0
1
0
47
5
0
0
5
0
0
5
9
2
17
92
0
51
24
15
59
2
1
1
0
9
15
0
2
0
10
21
8
13
4

6
6
55
80
6
80
25
147
43
6
6
6
289
31
6
6
31
6
6
31
55
12
104
565
6
313
147
92
362
12
6
6
6
55
92
6
12
6
61
129
49
80
25

6
6
64
93
6
93
29
171
50
6
7
6
336
36
6
6
36
6
6
36
64
14
121
657
6
364
171
107
421
14
7
7
6
64
107
6
14
6
71
150
57
93
29

COVID-19 Cases by Zip Code
Zip

29932
29934
29935
29936
29940
29941
29943
29944
29945

Rep. Cases

Est. Cases

Total Cases

1
2
10
17
2
1
1
6
4

6
12
61
104
12
6
6
37
25

7
14
71
121
14
7
7
43
29

