COVID-19 Confirmed Cases, by Zip Code
Reported Cases
0 Cases
1 - 50 Cases
51 - 99 Cases
100-249 Cases
250-500 Cases
>500 Cases

© OpenStreetMap

COVID-19 Confirmed Cases, by Zip Code
Zip

29001
29003
29006
29009
29010
29014
29015
29016
29018
29020
29030
29031
29032
29033
29036
29037
29038
29039
29040
29042
29044
29045
29047
29048
29051
29052
29053
29054
29055
29056
29058
29059
29061
29063
29065
29067
29069
29070
29072
29073
29074
29075
29078

Rep. Cases

Est. Cases

Total Cases

32
180
125
24
309
27
30
234
62
393
46
6
42
189
288
10
35
53
106
103
63
336
93
53
15
25
296
115
57
26
27
92
149
386
9
69
60
173
689
520
1
47
202

197
1,106
768
147
1,898
166
184
1,437
381
2,414
283
37
258
1,161
1,769
61
215
326
651
633
387
2,064
571
326
92
154
1,818
706
350
160
166
565
915
2,371
55
424
369
1,063
4,232
3,194
6
289
1,241

229
1,286
893
171
2,207
193
214
1,671
443
2,807
329
43
300
1,350
2,057
71
250
379
757
736
450
2,400
664
379
107
179
2,114
821
407
186
193
657
1,064
2,757
64
493
429
1,236
4,921
3,714
7
336
1,443

COVID-19 Confirmed Cases, by Zip Code
Zip

29080
29081
29082
29101
29102
29104
29105
29107
29108
29111
29112
29113
29114
29115
29118
29122
29123
29125
29126
29127
29128
29129
29130
29133
29135
29137
29138
29142
29145
29146
29148
29150
29152
29153
29154
29160
29161
29162
29163
29164
29166
29168
29169

Rep. Cases

Est. Cases

Total Cases

57
14
12
38
342
16
17
36
318
17
107
28
36
580
256
0
75
52
18
108
122
23
159
16
157
23
307
100
6
11
104
658
10
263
402
82
148
58
39
41
3
43
384

350
86
74
233
2,101
98
104
221
1,953
104
657
172
221
3,563
1,573
6
461
319
111
663
749
141
977
98
964
141
1,886
614
37
68
639
4,042
61
1,616
2,469
504
909
356
240
252
18
264
2,359

407
100
86
271
2,443
114
121
257
2,271
121
764
200
257
4,143
1,829
6
536
371
129
771
871
164
1,136
114
1,121
164
2,193
714
43
79
743
4,700
71
1,879
2,871
586
1,057
414
279
293
21
307
2,743

COVID-19 Confirmed Cases, by Zip Code
Zip

29170
29172
29175
29178
29180
29201
29203
29204
29205
29206
29207
29208
29209
29210
29212
29223
29229
29301
29302
29303
29306
29307
29316
29321
29322
29323
29325
29330
29332
29333
29334
29335
29340
29341
29346
29349
29351
29353
29355
29356
29360
29365
29369

Rep. Cases

Est. Cases

Total Cases

264
99
1
33
217
424
633
242
327
237
398
9
411
715
275
817
605
329
175
293
157
151
263
20
59
147
356
59
34
11
182
48
131
162
2
343
14
27
10
59
299
153
112

1,622
608
6
203
1,333
2,605
3,888
1,487
2,009
1,456
2,445
55
2,525
4,392
1,689
5,019
3,716
2,021
1,075
1,800
964
928
1,616
123
362
903
2,187
362
209
68
1,118
295
805
995
12
2,107
86
166
61
362
1,837
940
688

1,886
707
7
236
1,550
3,029
4,521
1,729
2,336
1,693
2,843
64
2,936
5,107
1,964
5,836
4,321
2,350
1,250
2,093
1,121
1,079
1,879
143
421
1,050
2,543
421
243
79
1,300
343
936
1,157
14
2,450
100
193
71
421
2,136
1,093
800

COVID-19 Confirmed Cases, by Zip Code
Zip

29370
29372
29374
29375
29376
29377
29379
29384
29385
29388
29401
29403
29404
29405
29406
29407
29409
29410
29412
29414
29418
29420
29424
29425
29426
29429
29431
29432
29434
29435
29436
29437
29438
29439
29440
29445
29446
29448
29449
29450
29451
29452
29453

Rep. Cases

Est. Cases

Total Cases

16
49
38
3
87
0
143
32
113
141
222
1,155
19
788
913
780
7
401
820
759
638
497
0
0
41
62
55
34
2
60
35
42
39
31
393
1,011
12
21
221
55
35
6
15

98
301
233
18
534
6
878
197
694
866
1,364
7,095
117
4,841
5,608
4,791
43
2,463
5,037
4,662
3,919
3,053
6
6
252
381
338
209
12
369
215
258
240
190
2,414
6,210
74
129
1,358
338
215
37
92

114
350
271
21
621
6
1,021
229
807
1,007
1,586
8,250
136
5,629
6,521
5,571
50
2,864
5,857
5,421
4,557
3,550
6
6
293
443
393
243
14
429
250
300
279
221
2,807
7,221
86
150
1,579
393
250
43
107

COVID-19 Confirmed Cases, by Zip Code
Zip

29455
29456
29458
29461
29464
29466
29468
29469
29470
29471
29472
29474
29475
29477
29479
29481
29482
29483
29485
29486
29487
29488
29492
29493
29501
29505
29506
29510
29511
29512
29516
29518
29519
29520
29525
29526
29527
29530
29532
29536
29540
29541
29543

Rep. Cases

Est. Cases

Total Cases

500
586
36
549
1,039
487
16
8
89
21
105
18
24
81
89
55
29
733
639
316
64
359
217
3
747
353
283
130
74
225
7
23
14
243
31
852
368
39
279
224
62
113
17

3,071
3,600
221
3,372
6,382
2,992
98
49
547
129
645
111
147
498
547
338
178
4,503
3,925
1,941
393
2,205
1,333
18
4,589
2,168
1,738
799
455
1,382
43
141
86
1,493
190
5,234
2,261
240
1,714
1,376
381
694
104

3,571
4,186
257
3,921
7,421
3,479
114
57
636
150
750
129
171
579
636
393
207
5,236
4,564
2,257
457
2,564
1,550
21
5,336
2,521
2,021
929
529
1,607
50
164
100
1,736
221
6,086
2,629
279
1,993
1,600
443
807
121

COVID-19 Confirmed Cases, by Zip Code
Zip

29544
29545
29546
29547
29550
29554
29555
29556
29560
29563
29564
29565
29566
29567
29568
29569
29570
29571
29572
29574
29575
29576
29577
29579
29580
29581
29582
29583
29584
29585
29588
29590
29591
29592
29593
29594
29596
29601
29605
29607
29609
29611
29615

Rep. Cases

Est. Cases

Total Cases

71
32
33
47
305
171
46
331
193
36
5
95
376
11
323
400
37
196
235
142
328
565
807
1,000
20
49
377
49
19
247
1,031
30
74
16
8
1
25
314
760
678
539
930
499

436
197
203
289
1,874
1,050
283
2,033
1,186
221
31
584
2,310
68
1,984
2,457
227
1,204
1,444
872
2,015
3,471
4,957
6,143
123
301
2,316
301
117
1,517
6,333
184
455
98
49
6
154
1,929
4,669
4,165
3,311
5,713
3,065

507
229
236
336
2,179
1,221
329
2,364
1,379
257
36
679
2,686
79
2,307
2,857
264
1,400
1,679
1,014
2,343
4,036
5,764
7,143
143
350
2,693
350
136
1,764
7,364
214
529
114
57
7
179
2,243
5,429
4,843
3,850
6,643
3,564

COVID-19 Confirmed Cases, by Zip Code
Zip

29617
29620
29621
29624
29625
29626
29627
29628
29630
29631
29634
29635
29638
29639
29640
29642
29643
29644
29645
29646
29649
29650
29651
29653
29654
29655
29657
29658
29661
29662
29664
29665
29666
29667
29669
29670
29671
29672
29673
29676
29678
29680
29681

Rep. Cases

Est. Cases

Total Cases

674
83
403
133
187
99
118
25
132
235
20
10
10
5
351
382
17
229
114
566
315
451
625
57
55
40
139
1
60
189
4
1
55
6
137
70
122
71
405
32
195
403
644

4,140
510
2,476
817
1,149
608
725
154
811
1,444
123
61
61
31
2,156
2,347
104
1,407
700
3,477
1,935
2,770
3,839
350
338
246
854
6
369
1,161
25
6
338
37
842
430
749
436
2,488
197
1,198
2,476
3,956

4,814
593
2,879
950
1,336
707
843
179
943
1,679
143
71
71
36
2,507
2,729
121
1,636
814
4,043
2,250
3,221
4,464
407
393
286
993
7
429
1,350
29
7
393
43
979
500
871
507
2,893
229
1,393
2,879
4,600

COVID-19 Confirmed Cases, by Zip Code
Zip

29682
29683
29684
29685
29686
29687
29689
29690
29691
29692
29693
29696
29697
29702
29704
29706
29707
29708
29709
29710
29712
29714
29715
29717
29718
29720
29726
29727
29728
29729
29730
29732
29741
29742
29743
29745
29801
29803
29805
29809
29810
29812
29817

Rep. Cases

Est. Cases

Total Cases

30
2
25
10
2
587
20
203
118
38
82
40
140
33
35
202
167
269
68
292
19
41
297
10
34
528
4
14
98
30
567
599
14
11
7
261
195
183
36
16
69
93
86

184
12
154
61
12
3,606
123
1,247
725
233
504
246
860
203
215
1,241
1,026
1,652
418
1,794
117
252
1,824
61
209
3,243
25
86
602
184
3,483
3,680
86
68
43
1,603
1,198
1,124
221
98
424
571
528

214
14
179
71
14
4,193
143
1,450
843
271
586
286
1,000
236
250
1,443
1,193
1,921
486
2,086
136
293
2,121
71
243
3,771
29
100
700
214
4,050
4,279
100
79
50
1,864
1,393
1,307
257
114
493
664
614

COVID-19 Confirmed Cases, by Zip Code
Zip

29819
29821
29824
29827
29828
29829
29831
29832
29835
29836
29838
29840
29841
29842
29843
29845
29847
29848
29849
29851
29853
29856
29860
29902
29904
29906
29907
29909
29910
29911
29912
29915
29916
29918
29920
29921
29922
29923
29924
29926
29927
29928
29929

Rep. Cases

Est. Cases

Total Cases

10
5
48
46
7
68
20
56
62
2
3
3
233
44
9
3
31
5
2
43
35
12
99
438
15
248
119
137
675
14
1
1
2
39
108
0
7
7
50
325
166
160
8

61
31
295
283
43
418
123
344
381
12
18
18
1,431
270
55
18
190
31
12
264
215
74
608
2,691
92
1,523
731
842
4,146
86
6
6
12
240
663
6
43
43
307
1,996
1,020
983
49

71
36
343
329
50
486
143
400
443
14
21
21
1,664
314
64
21
221
36
14
307
250
86
707
3,129
107
1,771
850
979
4,821
100
7
7
14
279
771
6
50
50
357
2,321
1,186
1,143
57

COVID-19 Confirmed Cases, by Zip Code
Zip

29932
29934
29935
29936
29940
29941
29943
29944
29945

Rep. Cases

Est. Cases

Total Cases

1
15
40
154
47
1
5
37
57

6
92
246
946
289
6
31
227
350

7
107
286
1,100
336
7
36
264
407

