COVID-19 Confirmed Cases, by Zip Code
Reported Cases
0 Cases
1 - 10 Cases
11 - 24 Cases
25-49 Cases
50-100 Cases
>100 Cases

© OpenStreetMap

COVID-19 Confirmed Cases, by Zip Code
Zip

29001
29003
29006
29009
29010
29014
29015
29016
29018
29020
29030
29031
29032
29033
29036
29037
29038
29039
29040
29042
29044
29045
29047
29048
29051
29052
29053
29054
29055
29056
29058
29059
29061
29063
29065
29067
29069
29070
29072
29073
29074
29075
29078

Rep. Cases

Est. Cases

Total Cases

23
121
109
20
280
18
25
201
43
347
39
2
38
160
248
6
24
38
92
62
54
304
82
38
14
21
257
98
54
20
22
72
132
323
8
60
47
155
571
439
1
40
175

141
743
670
123
1,720
111
154
1,235
264
2,132
240
12
233
983
1,523
37
147
233
565
381
332
1,867
504
233
86
129
1,579
602
332
123
135
442
811
1,984
49
369
289
952
3,508
2,697
6
246
1,075

164
864
779
143
2,000
129
179
1,436
307
2,479
279
14
271
1,143
1,771
43
171
271
657
443
386
2,171
586
271
100
150
1,836
700
386
143
157
514
943
2,307
57
429
336
1,107
4,079
3,136
7
286
1,250

COVID-19 Confirmed Cases, by Zip Code
Zip

29080
29081
29082
29101
29102
29104
29105
29107
29108
29111
29112
29113
29114
29115
29118
29122
29123
29125
29126
29127
29128
29129
29130
29133
29135
29137
29138
29142
29145
29146
29148
29150
29152
29153
29154
29160
29161
29162
29163
29164
29166
29168
29169

Rep. Cases

Est. Cases

Total Cases

45
13
12
20
300
15
16
30
253
8
84
16
22
480
203
0
59
44
17
89
114
19
151
13
110
21
268
88
3
8
99
573
9
223
349
69
113
46
31
37
2
37
341

276
80
74
123
1,843
92
98
184
1,554
49
516
98
135
2,949
1,247
6
362
270
104
547
700
117
928
80
676
129
1,646
541
18
49
608
3,520
55
1,370
2,144
424
694
283
190
227
12
227
2,095

321
93
86
143
2,143
107
114
214
1,807
57
600
114
157
3,429
1,450
6
421
314
121
636
814
136
1,079
93
786
150
1,914
629
21
57
707
4,093
64
1,593
2,493
493
807
329
221
264
14
264
2,436

COVID-19 Confirmed Cases, by Zip Code
Zip

29170
29172
29175
29178
29180
29201
29203
29204
29205
29206
29207
29208
29209
29210
29212
29223
29229
29301
29302
29303
29306
29307
29316
29321
29322
29323
29325
29330
29332
29333
29334
29335
29340
29341
29346
29349
29351
29353
29355
29356
29360
29365
29369

Rep. Cases

Est. Cases

Total Cases

237
85
1
26
183
393
498
214
291
215
353
8
352
592
232
703
520
287
151
233
131
122
220
18
50
124
298
53
29
8
151
43
89
131
2
287
11
21
9
50
245
123
97

1,456
522
6
160
1,124
2,414
3,059
1,315
1,788
1,321
2,168
49
2,162
3,637
1,425
4,318
3,194
1,763
928
1,431
805
749
1,351
111
307
762
1,831
326
178
49
928
264
547
805
12
1,763
68
129
55
307
1,505
756
596

1,693
607
7
186
1,307
2,807
3,557
1,529
2,079
1,536
2,521
57
2,514
4,229
1,657
5,021
3,714
2,050
1,079
1,664
936
871
1,571
129
357
886
2,129
379
207
57
1,079
307
636
936
14
2,050
79
150
64
357
1,750
879
693

COVID-19 Confirmed Cases, by Zip Code
Zip

29370
29372
29374
29375
29376
29377
29379
29384
29385
29388
29401
29403
29404
29405
29406
29407
29409
29410
29412
29414
29418
29420
29424
29425
29426
29429
29431
29432
29434
29435
29436
29437
29438
29439
29440
29445
29446
29448
29449
29450
29451
29452
29453

Rep. Cases

Est. Cases

Total Cases

11
39
30
3
77
0
115
28
102
121
200
1,056
18
661
774
663
7
362
702
631
535
403
0
0
27
56
38
25
0
54
30
37
34
31
289
813
8
17
170
41
33
5
12

68
240
184
18
473
6
706
172
627
743
1,229
6,487
111
4,060
4,755
4,073
43
2,224
4,312
3,876
3,286
2,476
6
6
166
344
233
154
6
332
184
227
209
190
1,775
4,994
49
104
1,044
252
203
31
74

79
279
214
21
550
6
821
200
729
864
1,429
7,543
129
4,721
5,529
4,736
50
2,586
5,014
4,507
3,821
2,879
6
6
193
400
271
179
6
386
214
264
243
221
2,064
5,807
57
121
1,214
293
236
36
86

COVID-19 Confirmed Cases, by Zip Code
Zip

29455
29456
29458
29461
29464
29466
29468
29469
29470
29471
29472
29474
29475
29477
29479
29481
29482
29483
29485
29486
29487
29488
29492
29493
29501
29505
29506
29510
29511
29512
29516
29518
29519
29520
29525
29526
29527
29530
29532
29536
29540
29541
29543

Rep. Cases

Est. Cases

Total Cases

438
481
27
438
917
414
11
8
71
19
79
15
18
60
64
49
25
584
490
284
54
325
170
3
614
297
230
89
68
215
7
19
12
226
27
752
306
35
243
201
51
98
16

2,691
2,955
166
2,691
5,633
2,543
68
49
436
117
485
92
111
369
393
301
154
3,587
3,010
1,745
332
1,996
1,044
18
3,772
1,824
1,413
547
418
1,321
43
117
74
1,388
166
4,619
1,880
215
1,493
1,235
313
602
98

3,129
3,436
193
3,129
6,550
2,957
79
57
507
136
564
107
129
429
457
350
179
4,171
3,500
2,029
386
2,321
1,214
21
4,386
2,121
1,643
636
486
1,536
50
136
86
1,614
193
5,371
2,186
250
1,736
1,436
364
700
114

COVID-19 Confirmed Cases, by Zip Code
Zip

29544
29545
29546
29547
29550
29554
29555
29556
29560
29563
29564
29565
29566
29567
29568
29569
29570
29571
29572
29574
29575
29576
29577
29579
29580
29581
29582
29583
29584
29585
29588
29590
29591
29592
29593
29594
29596
29601
29605
29607
29609
29611
29615

Rep. Cases

Est. Cases

Total Cases

54
29
28
45
245
153
40
263
175
34
5
87
341
11
302
347
35
156
208
131
290
497
733
892
16
43
344
43
17
226
905
21
62
13
5
0
22
281
669
571
473
856
434

332
178
172
276
1,505
940
246
1,616
1,075
209
31
534
2,095
68
1,855
2,132
215
958
1,278
805
1,781
3,053
4,503
5,479
98
264
2,113
264
104
1,388
5,559
129
381
80
31
6
135
1,726
4,110
3,508
2,906
5,258
2,666

386
207
200
321
1,750
1,093
286
1,879
1,250
243
36
621
2,436
79
2,157
2,479
250
1,114
1,486
936
2,071
3,550
5,236
6,371
114
307
2,457
307
121
1,614
6,464
150
443
93
36
6
157
2,007
4,779
4,079
3,379
6,114
3,100

COVID-19 Confirmed Cases, by Zip Code
Zip

29617
29620
29621
29624
29625
29626
29627
29628
29630
29631
29634
29635
29638
29639
29640
29642
29643
29644
29645
29646
29649
29650
29651
29653
29654
29655
29657
29658
29661
29662
29664
29665
29666
29667
29669
29670
29671
29672
29673
29676
29678
29680
29681

Rep. Cases

Est. Cases

Total Cases

601
66
314
103
152
71
86
15
121
225
20
10
8
3
287
327
15
199
99
477
252
394
536
49
46
32
114
0
56
158
4
1
51
4
112
58
99
61
341
22
166
348
543

3,692
405
1,929
633
934
436
528
92
743
1,382
123
61
49
18
1,763
2,009
92
1,222
608
2,930
1,548
2,420
3,293
301
283
197
700
6
344
971
25
6
313
25
688
356
608
375
2,095
135
1,020
2,138
3,336

4,293
471
2,243
736
1,086
507
614
107
864
1,607
143
71
57
21
2,050
2,336
107
1,421
707
3,407
1,800
2,814
3,829
350
329
229
814
6
400
1,129
29
7
364
29
800
414
707
436
2,436
157
1,186
2,486
3,879

COVID-19 Confirmed Cases, by Zip Code
Zip

29682
29683
29684
29685
29686
29687
29689
29690
29691
29692
29693
29696
29697
29702
29704
29706
29707
29708
29709
29710
29712
29714
29715
29717
29718
29720
29726
29727
29728
29729
29730
29732
29741
29742
29743
29745
29801
29803
29805
29809
29810
29812
29817

Rep. Cases

Est. Cases

Total Cases

24
1
19
8
1
495
19
165
99
34
59
28
119
30
25
155
135
218
53
244
18
35
260
9
30
466
4
14
92
27
465
471
12
11
6
225
131
137
24
10
48
65
61

147
6
117
49
6
3,041
117
1,014
608
209
362
172
731
184
154
952
829
1,339
326
1,499
111
215
1,597
55
184
2,863
25
86
565
166
2,856
2,893
74
68
37
1,382
805
842
147
61
295
399
375

171
7
136
57
7
3,536
136
1,179
707
243
421
200
850
214
179
1,107
964
1,557
379
1,743
129
250
1,857
64
214
3,329
29
100
657
193
3,321
3,364
86
79
43
1,607
936
979
171
71
343
464
436

COVID-19 Confirmed Cases, by Zip Code
Zip

29819
29821
29824
29827
29828
29829
29831
29832
29835
29836
29838
29840
29841
29842
29843
29845
29847
29848
29849
29851
29853
29856
29860
29902
29904
29906
29907
29909
29910
29911
29912
29915
29916
29918
29920
29921
29922
29923
29924
29926
29927
29928
29929

Rep. Cases

Est. Cases

Total Cases

8
3
41
37
2
49
14
36
42
1
1
3
193
37
5
1
29
4
2
31
28
11
79
386
11
194
99
111
577
5
1
1
2
21
80
0
5
6
34
286
144
140
6

49
18
252
227
12
301
86
221
258
6
6
18
1,186
227
31
6
178
25
12
190
172
68
485
2,371
68
1,192
608
682
3,544
31
6
6
12
129
491
6
31
37
209
1,757
885
860
37

57
21
293
264
14
350
100
257
300
7
7
21
1,379
264
36
7
207
29
14
221
200
79
564
2,757
79
1,386
707
793
4,121
36
7
7
14
150
571
6
36
43
243
2,043
1,029
1,000
43

COVID-19 Confirmed Cases, by Zip Code
Zip

29932
29934
29935
29936
29940
29941
29943
29944
29945

Rep. Cases

Est. Cases

Total Cases

1
7
35
123
32
1
4
29
43

6
43
215
756
197
6
25
178
264

7
50
250
879
229
7
29
207
307

