COVID-19 Cases, by Zip Code
Reported Cases
0 Cases
1 - 5 Cases
6 - 15 Cases
16 - 40 Cases
>40 Cases

© OpenStreetMap

COVID-19 Cases by Zip Code
Zip

29001
29003
29006
29009
29010
29014
29015
29016
29018
29020
29030
29031
29032
29033
29036
29037
29038
29039
29040
29042
29044
29045
29047
29048
29051
29052
29053
29054
29055
29056
29058
29059
29061
29063
29065
29067
29069
29070
29072
29073
29074
29075
29078

Rep. Cases

Est. Cases

Total Cases

10
6
21
6
97
2
3
55
1
133
1
1
6
11
44
1
4
5
17
9
14
72
3
10
4
6
42
12
5
2
4
9
32
49
1
12
12
23
86
54
0
3
50

61
37
129
37
596
12
18
338
6
817
6
6
37
68
270
6
25
31
104
55
86
442
18
61
25
37
258
74
31
12
25
55
197
301
6
74
74
141
528
332
6
18
307

71
43
150
43
693
14
21
393
7
950
7
7
43
79
314
7
29
36
121
64
100
514
21
71
29
43
300
86
36
14
29
64
229
350
7
86
86
164
614
386
6
21
357

COVID-19 Cases by Zip Code
Zip

29080
29081
29082
29101
29102
29104
29105
29107
29108
29111
29112
29113
29114
29115
29118
29122
29123
29125
29126
29127
29128
29129
29130
29133
29135
29137
29138
29142
29145
29146
29148
29150
29152
29153
29154
29160
29161
29162
29163
29164
29166
29168
29169

Rep. Cases

Est. Cases

Total Cases

17
0
0
7
179
3
2
4
11
3
16
0
11
25
13
0
6
12
1
10
28
6
49
1
7
9
83
7
1
2
62
94
3
46
82
14
30
10
6
6
0
5
37

104
6
6
43
1,100
18
12
25
68
18
98
6
68
154
80
6
37
74
6
61
172
37
301
6
43
55
510
43
6
12
381
577
18
283
504
86
184
61
37
37
6
31
227

121
6
6
50
1,279
21
14
29
79
21
114
6
79
179
93
6
43
86
7
71
200
43
350
7
50
64
593
50
7
14
443
671
21
329
586
100
214
71
43
43
6
36
264

COVID-19 Cases by Zip Code
Zip

29170
29172
29175
29178
29180
29201
29203
29204
29205
29206
29207
29208
29209
29210
29212
29223
29229
29301
29302
29303
29306
29307
29316
29321
29322
29323
29325
29330
29332
29333
29334
29335
29340
29341
29346
29349
29351
29353
29355
29356
29360
29365
29369

Rep. Cases

Est. Cases

Total Cases

30
21
1
4
23
30
126
53
24
28
70
2
74
110
43
221
172
27
17
21
30
15
34
1
6
18
12
4
1
0
22
4
13
6
0
35
0
1
1
3
16
24
14

184
129
6
25
141
184
774
326
147
172
430
12
455
676
264
1,358
1,057
166
104
129
184
92
209
6
37
111
74
25
6
6
135
25
80
37
6
215
6
6
6
18
98
147
86

214
150
7
29
164
214
900
379
171
200
500
14
529
786
307
1,579
1,229
193
121
150
214
107
243
7
43
129
86
29
7
6
157
29
93
43
6
250
6
7
7
21
114
171
100

COVID-19 Cases by Zip Code
Zip

29370
29372
29374
29375
29376
29377
29379
29384
29385
29388
29401
29403
29404
29405
29406
29407
29409
29410
29412
29414
29418
29420
29424
29425
29426
29429
29431
29432
29434
29435
29436
29437
29438
29439
29440
29445
29446
29448
29449
29450
29451
29452
29453

Rep. Cases

Est. Cases

Total Cases

2
9
5
1
16
0
28
1
23
15
13
29
2
40
28
41
0
47
42
37
28
28
0
14
1
6
0
1
0
3
2
1
1
3
26
38
1
2
10
1
9
0
1

12
55
31
6
98
6
172
6
141
92
80
178
12
246
172
252
6
289
258
227
172
172
6
86
6
37
6
6
6
18
12
6
6
18
160
233
6
12
61
6
55
6
6

14
64
36
7
114
6
200
7
164
107
93
207
14
286
200
293
6
336
300
264
200
200
6
100
7
43
6
7
6
21
14
7
7
21
186
271
7
14
71
7
64
6
7

COVID-19 Cases by Zip Code
Zip

29455
29456
29458
29461
29464
29466
29468
29469
29470
29471
29472
29474
29475
29477
29479
29481
29482
29483
29485
29486
29487
29488
29492
29493
29501
29505
29506
29510
29511
29512
29516
29518
29519
29520
29525
29526
29527
29530
29532
29536
29540
29541
29543

Rep. Cases

Est. Cases

Total Cases

15
24
3
69
68
45
3
0
5
2
3
0
3
5
11
0
8
33
37
12
5
20
11
0
137
63
80
9
6
45
6
3
0
34
5
27
32
12
64
60
17
28
0

92
147
18
424
418
276
18
6
31
12
18
6
18
31
68
6
49
203
227
74
31
123
68
6
842
387
491
55
37
276
37
18
6
209
31
166
197
74
393
369
104
172
6

107
171
21
493
486
321
21
6
36
14
21
6
21
36
79
6
57
236
264
86
36
143
79
6
979
450
571
64
43
321
43
21
6
243
36
193
229
86
457
429
121
200
6

COVID-19 Cases by Zip Code
Zip

29544
29545
29546
29547
29550
29554
29555
29556
29560
29563
29564
29565
29566
29567
29568
29569
29570
29571
29572
29574
29575
29576
29577
29579
29580
29581
29582
29583
29584
29585
29588
29590
29591
29592
29593
29594
29596
29601
29605
29607
29609
29611
29615

Rep. Cases

Est. Cases

Total Cases

5
1
5
7
84
28
11
91
47
11
2
19
14
4
16
30
1
30
6
15
13
25
26
23
8
7
7
15
2
15
34
8
23
0
1
0
1
31
83
52
94
88
54

31
6
31
43
516
172
68
559
289
68
12
117
86
25
98
184
6
184
37
92
80
154
160
141
49
43
43
92
12
92
209
49
141
6
6
6
6
190
510
319
577
541
332

36
7
36
50
600
200
79
650
336
79
14
136
100
29
114
214
7
214
43
107
93
179
186
164
57
50
50
107
14
107
243
57
164
6
7
6
7
221
593
371
671
629
386

COVID-19 Cases by Zip Code
Zip

29617
29620
29621
29624
29625
29626
29627
29628
29630
29631
29634
29635
29638
29639
29640
29642
29643
29644
29645
29646
29649
29650
29651
29653
29654
29655
29657
29658
29661
29662
29664
29665
29666
29667
29669
29670
29671
29672
29673
29676
29678
29680
29681

Rep. Cases

Est. Cases

Total Cases

46
24
46
19
25
8
14
4
1
5
0
1
2
1
21
38
0
24
11
26
22
43
79
0
9
14
9
0
4
23
0
1
6
0
21
4
4
6
44
6
15
55
65

283
147
283
117
154
49
86
25
6
31
6
6
12
6
129
233
6
147
68
160
135
264
485
6
55
86
55
6
25
141
6
6
37
6
129
25
25
37
270
37
92
338
399

329
171
329
136
179
57
100
29
7
36
6
7
14
7
150
271
6
171
79
186
157
307
564
6
64
100
64
6
29
164
6
7
43
6
150
29
29
43
314
43
107
393
464

COVID-19 Cases by Zip Code
Zip

29682
29683
29684
29685
29686
29687
29689
29690
29691
29692
29693
29696
29697
29702
29704
29706
29707
29708
29709
29710
29712
29714
29715
29717
29718
29720
29726
29727
29728
29729
29730
29732
29741
29742
29743
29745
29801
29803
29805
29809
29810
29812
29817

Rep. Cases

Est. Cases

Total Cases

3
0
5
0
0
61
2
17
3
6
8
0
11
2
2
19
24
25
10
35
1
7
37
2
7
82
0
0
15
6
54
81
4
1
1
15
18
24
2
0
13
16
11

18
6
31
6
6
375
12
104
18
37
49
6
68
12
12
117
147
154
61
215
6
43
227
12
43
504
6
6
92
37
332
498
25
6
6
92
111
147
12
6
80
98
68

21
6
36
6
6
436
14
121
21
43
57
6
79
14
14
136
171
179
71
250
7
50
264
14
50
586
6
6
107
43
386
579
29
7
7
107
129
171
14
6
93
114
79

COVID-19 Cases by Zip Code
Zip

29819
29821
29824
29827
29828
29829
29831
29832
29835
29836
29838
29840
29841
29842
29843
29845
29847
29848
29849
29851
29853
29856
29860
29902
29904
29906
29907
29909
29910
29911
29912
29915
29916
29918
29920
29921
29922
29923
29924
29926
29927
29928
29929

Rep. Cases

Est. Cases

Total Cases

0
0
7
11
0
6
3
20
7
0
0
0
38
3
0
0
5
0
0
2
8
2
14
85
0
43
24
14
49
1
1
1
0
8
12
0
1
0
11
17
6
12
4

6
6
43
68
6
37
18
123
43
6
6
6
233
18
6
6
31
6
6
12
49
12
86
522
6
264
147
86
301
6
6
6
6
49
74
6
6
6
68
104
37
74
25

6
6
50
79
6
43
21
143
50
6
6
6
271
21
6
6
36
6
6
14
57
14
100
607
6
307
171
100
350
7
7
7
6
57
86
6
7
6
79
121
43
86
29

COVID-19 Cases by Zip Code
Zip

29932
29934
29935
29936
29940
29941
29943
29944
29945

Rep. Cases

Est. Cases

Total Cases

1
1
9
16
2
1
1
5
4

6
6
55
98
12
6
6
31
25

7
7
64
114
14
7
7
36
29

