COVID-19 Cases, by Zip Code
Reported Cases
0 Cases
1 - 5 Cases
6 - 15 Cases
16 - 40 Cases
>40 Cases

© OpenStreetMap

COVID-19 Cases by Zip Code
Zip

29001
29003
29006
29009
29010
29014
29015
29016
29018
29020
29030
29031
29032
29033
29036
29037
29038
29039
29040
29042
29044
29045
29047
29048
29051
29052
29053
29054
29055
29056
29058
29059
29061
29063
29065
29067
29069
29070
29072
29073
29074
29075
29078

Rep. Cases

Est. Cases

Total Cases

12
9
26
9
191
8
6
69
4
152
3
2
8
15
61
0
4
5
23
12
16
117
4
11
8
7
50
15
31
5
5
14
42
65
2
15
16
28
119
89
0
3
56

74
55
160
55
1,173
49
37
424
25
934
18
12
49
92
375
6
25
31
141
74
98
719
25
68
49
43
307
92
190
31
31
86
258
399
12
92
98
172
731
547
6
18
344

86
64
186
64
1,364
57
43
493
29
1,086
21
14
57
107
436
6
29
36
164
86
114
836
29
79
57
50
357
107
221
36
36
100
300
464
14
107
114
200
850
636
6
21
400

COVID-19 Cases by Zip Code
Zip

29080
29081
29082
29101
29102
29104
29105
29107
29108
29111
29112
29113
29114
29115
29118
29122
29123
29125
29126
29127
29128
29129
29130
29133
29135
29137
29138
29142
29145
29146
29148
29150
29152
29153
29154
29160
29161
29162
29163
29164
29166
29168
29169

Rep. Cases

Est. Cases

Total Cases

24
0
0
11
195
5
3
4
37
4
18
0
13
69
30
0
9
13
1
14
33
7
119
1
10
11
135
11
1
2
72
131
3
56
110
22
39
13
13
11
0
5
100

147
6
6
68
1,198
31
18
25
227
25
111
6
80
424
184
6
55
80
6
86
203
43
731
6
61
68
829
68
6
12
442
805
18
344
676
135
240
80
80
68
6
31
614

171
6
6
79
1,393
36
21
29
264
29
129
6
93
493
214
6
64
93
7
100
236
50
850
7
71
79
964
79
7
14
514
936
21
400
786
157
279
93
93
79
6
36
714

COVID-19 Cases by Zip Code
Zip

29170
29172
29175
29178
29180
29201
29203
29204
29205
29206
29207
29208
29209
29210
29212
29223
29229
29301
29302
29303
29306
29307
29316
29321
29322
29323
29325
29330
29332
29333
29334
29335
29340
29341
29346
29349
29351
29353
29355
29356
29360
29365
29369

Rep. Cases

Est. Cases

Total Cases

45
25
1
5
43
57
170
67
41
41
110
2
92
149
57
302
212
59
28
57
38
28
45
1
13
20
16
8
1
0
35
5
22
10
0
99
0
3
1
12
19
30
18

276
154
6
31
264
350
1,044
412
252
252
676
12
565
915
350
1,855
1,302
362
172
350
233
172
276
6
80
123
98
49
6
6
215
31
135
61
6
608
6
18
6
74
117
184
111

321
179
7
36
307
407
1,214
479
293
293
786
14
657
1,064
407
2,157
1,514
421
200
407
271
200
321
7
93
143
114
57
7
6
250
36
157
71
6
707
6
21
7
86
136
214
129

COVID-19 Cases by Zip Code
Zip

29370
29372
29374
29375
29376
29377
29379
29384
29385
29388
29401
29403
29404
29405
29406
29407
29409
29410
29412
29414
29418
29420
29424
29425
29426
29429
29431
29432
29434
29435
29436
29437
29438
29439
29440
29445
29446
29448
29449
29450
29451
29452
29453

Rep. Cases

Est. Cases

Total Cases

3
10
6
1
20
0
31
1
39
22
17
34
4
43
43
55
1
53
46
47
50
39
0
25
1
6
0
1
0
6
2
1
1
2
43
45
2
3
13
3
7
0
1

18
61
37
6
123
6
190
6
240
135
104
209
25
264
264
338
6
326
283
289
307
240
6
154
6
37
6
6
6
37
12
6
6
12
264
276
12
18
80
18
43
6
6

21
71
43
7
143
6
221
7
279
157
121
243
29
307
307
393
7
379
329
336
357
279
6
179
7
43
6
7
6
43
14
7
7
14
307
321
14
21
93
21
50
6
7

COVID-19 Cases by Zip Code
Zip

29455
29456
29458
29461
29464
29466
29468
29469
29470
29471
29472
29474
29475
29477
29479
29481
29482
29483
29485
29486
29487
29488
29492
29493
29501
29505
29506
29510
29511
29512
29516
29518
29519
29520
29525
29526
29527
29530
29532
29536
29540
29541
29543

Rep. Cases

Est. Cases

Total Cases

18
44
3
77
71
50
2
0
5
5
4
1
5
7
13
5
8
58
47
18
5
81
11
0
210
102
104
10
8
115
6
10
0
108
10
42
39
12
147
96
28
39
1

111
270
18
473
436
307
12
6
31
31
25
6
31
43
80
31
49
356
289
111
31
498
68
6
1,290
627
639
61
49
706
37
61
6
663
61
258
240
74
903
590
172
240
6

129
314
21
550
507
357
14
6
36
36
29
7
36
50
93
36
57
414
336
129
36
579
79
6
1,500
729
743
71
57
821
43
71
6
771
71
300
279
86
1,050
686
200
279
7

COVID-19 Cases by Zip Code
Zip

29544
29545
29546
29547
29550
29554
29555
29556
29560
29563
29564
29565
29566
29567
29568
29569
29570
29571
29572
29574
29575
29576
29577
29579
29580
29581
29582
29583
29584
29585
29588
29590
29591
29592
29593
29594
29596
29601
29605
29607
29609
29611
29615

Rep. Cases

Est. Cases

Total Cases

6
7
5
14
101
36
14
153
66
16
4
31
19
4
40
89
16
39
7
23
17
29
34
37
10
16
12
23
7
14
40
13
34
1
2
0
7
40
143
88
130
220
84

37
43
31
86
620
221
86
940
405
98
25
190
117
25
246
547
98
240
43
141
104
178
209
227
61
98
74
141
43
86
246
80
209
6
12
6
43
246
878
541
799
1,351
516

43
50
36
100
721
257
100
1,093
471
114
29
221
136
29
286
636
114
279
50
164
121
207
243
264
71
114
86
164
50
100
286
93
243
7
14
6
50
286
1,021
629
929
1,571
600

COVID-19 Cases by Zip Code
Zip

29617
29620
29621
29624
29625
29626
29627
29628
29630
29631
29634
29635
29638
29639
29640
29642
29643
29644
29645
29646
29649
29650
29651
29653
29654
29655
29657
29658
29661
29662
29664
29665
29666
29667
29669
29670
29671
29672
29673
29676
29678
29680
29681

Rep. Cases

Est. Cases

Total Cases

135
30
61
27
30
10
21
5
3
5
0
2
2
2
51
66
0
38
19
81
35
75
118
4
10
17
12
0
10
27
0
0
9
0
28
6
21
7
73
6
17
70
100

829
184
375
166
184
61
129
31
18
31
6
12
12
12
313
405
6
233
117
498
215
461
725
6
61
104
74
6
61
166
6
6
55
6
172
37
129
43
448
37
104
430
614

964
214
436
193
214
71
150
36
21
36
6
14
14
14
364
471
6
271
136
579
250
536
843
10
71
121
86
6
71
193
6
6
64
6
200
43
150
50
521
43
121
500
714

COVID-19 Cases by Zip Code
Zip

29682
29683
29684
29685
29686
29687
29689
29690
29691
29692
29693
29696
29697
29702
29704
29706
29707
29708
29709
29710
29712
29714
29715
29717
29718
29720
29726
29727
29728
29729
29730
29732
29741
29742
29743
29745
29801
29803
29805
29809
29810
29812
29817

Rep. Cases

Est. Cases

Total Cases

3
1
5
0
0
106
2
34
5
9
12
3
12
4
4
24
31
45
31
51
4
9
49
3
10
96
0
2
19
6
87
127
5
2
1
27
31
36
2
2
16
20
16

18
6
31
6
6
651
12
209
31
55
74
18
74
25
25
147
190
276
190
313
25
55
301
18
61
590
6
6
117
37
534
780
31
12
6
166
190
221
12
12
98
123
98

21
7
36
6
6
757
14
243
36
64
86
21
86
29
29
171
221
321
221
364
29
64
350
21
71
686
6
8
136
43
621
907
36
14
7
193
221
257
14
14
114
143
114

COVID-19 Cases by Zip Code
Zip

29819
29821
29824
29827
29828
29829
29831
29832
29835
29836
29838
29840
29841
29842
29843
29845
29847
29848
29849
29851
29853
29856
29860
29902
29904
29906
29907
29909
29910
29911
29912
29915
29916
29918
29920
29921
29922
29923
29924
29926
29927
29928
29929

Rep. Cases

Est. Cases

Total Cases

1
0
9
14
0
18
4
26
8
0
1
0
48
6
0
0
6
2
0
8
10
2
19
95
0
58
30
24
87
2
1
1
0
9
18
0
3
1
12
35
18
14
4

6
6
55
86
6
111
25
160
49
6
6
6
295
37
6
6
37
6
6
49
61
12
117
584
6
356
184
147
534
12
6
6
6
55
111
6
18
6
74
215
111
86
25

7
6
64
100
6
129
29
186
57
6
7
6
343
43
6
6
43
8
6
57
71
14
136
679
6
414
214
171
621
14
7
7
6
64
129
6
21
7
86
250
129
100
29

COVID-19 Cases by Zip Code
Zip

29932
29934
29935
29936
29940
29941
29943
29944
29945

Rep. Cases

Est. Cases

Total Cases

1
2
11
20
3
1
1
8
6

6
12
68
123
18
6
6
49
37

7
14
79
143
21
7
7
57
43

