COVID-19 Confirmed Cases, by Zip Code
Reported Cases
0 Cases
1 - 10 Cases
11 - 24 Cases
25-49 Cases
50-100 Cases
>100 Cases

© OpenStreetMap

COVID-19 Confirmed Cases, by Zip Code
Zip

29001
29003
29006
29009
29010
29014
29015
29016
29018
29020
29030
29031
29032
29033
29036
29037
29038
29039
29040
29042
29044
29045
29047
29048
29051
29052
29053
29054
29055
29056
29058
29059
29061
29063
29065
29067
29069
29070
29072
29073
29074
29075
29078

Rep. Cases

Est. Cases

Total Cases

22
105
102
20
277
18
25
190
35
337
37
2
35
148
230
6
23
37
89
57
52
297
76
33
14
21
240
94
52
19
20
65
128
298
7
60
44
143
544
407
1
39
168

135
645
627
123
1,702
111
154
1,167
215
2,070
227
12
215
909
1,413
37
141
227
547
350
319
1,824
467
203
86
129
1,474
577
319
117
123
399
786
1,831
43
369
270
878
3,342
2,500
6
240
1,032

157
750
729
143
1,979
129
179
1,357
250
2,407
264
14
250
1,057
1,643
43
164
264
636
407
371
2,121
543
236
100
150
1,714
671
371
136
143
464
914
2,129
50
429
314
1,021
3,886
2,907
7
279
1,200

COVID-19 Confirmed Cases, by Zip Code
Zip

29080
29081
29082
29101
29102
29104
29105
29107
29108
29111
29112
29113
29114
29115
29118
29122
29123
29125
29126
29127
29128
29129
29130
29133
29135
29137
29138
29142
29145
29146
29148
29150
29152
29153
29154
29160
29161
29162
29163
29164
29166
29168
29169

Rep. Cases

Est. Cases

Total Cases

44
13
11
19
295
14
14
29
237
8
79
13
21
454
184
0
55
43
15
83
112
18
146
13
100
21
252
82
3
8
98
534
9
212
340
66
108
44
28
34
2
34
323

270
80
68
117
1,812
86
86
178
1,456
49
485
80
129
2,789
1,130
6
338
264
92
510
688
111
897
80
614
129
1,548
504
18
49
602
3,280
55
1,302
2,089
405
663
270
172
209
12
209
1,984

314
93
79
136
2,107
100
100
207
1,693
57
564
93
150
3,243
1,314
6
393
307
107
593
800
129
1,043
93
714
150
1,800
586
21
57
700
3,814
64
1,514
2,429
471
771
314
200
243
14
243
2,307

COVID-19 Confirmed Cases, by Zip Code
Zip

29170
29172
29175
29178
29180
29201
29203
29204
29205
29206
29207
29208
29209
29210
29212
29223
29229
29301
29302
29303
29306
29307
29316
29321
29322
29323
29325
29330
29332
29333
29334
29335
29340
29341
29346
29349
29351
29353
29355
29356
29360
29365
29369

Rep. Cases

Est. Cases

Total Cases

227
80
1
25
175
387
440
200
279
203
355
8
337
488
214
674
491
265
145
217
126
113
202
14
49
115
290
46
28
7
134
40
77
122
2
266
9
20
9
48
232
110
91

1,394
491
6
154
1,075
2,377
2,703
1,229
1,714
1,247
2,181
49
2,070
2,998
1,315
4,140
3,016
1,628
891
1,333
774
694
1,241
86
301
706
1,781
283
172
43
823
246
473
749
12
1,634
55
123
55
295
1,425
676
559

1,621
571
7
179
1,250
2,764
3,143
1,429
1,993
1,450
2,536
57
2,407
3,486
1,529
4,814
3,507
1,893
1,036
1,550
900
807
1,443
100
350
821
2,071
329
200
50
957
286
550
871
14
1,900
64
143
64
343
1,657
786
650

COVID-19 Confirmed Cases, by Zip Code
Zip

29370
29372
29374
29375
29376
29377
29379
29384
29385
29388
29401
29403
29404
29405
29406
29407
29409
29410
29412
29414
29418
29420
29424
29425
29426
29429
29431
29432
29434
29435
29436
29437
29438
29439
29440
29445
29446
29448
29449
29450
29451
29452
29453

Rep. Cases

Est. Cases

Total Cases

10
38
27
3
69
0
112
27
96
113
180
988
17
603
725
594
7
342
650
582
503
374
0
0
23
52
31
23
0
47
25
32
32
30
275
750
8
16
144
39
31
5
9

61
233
166
18
424
6
688
166
590
694
1,106
6,069
104
3,704
4,454
3,649
43
2,101
3,993
3,575
3,090
2,297
6
6
141
319
190
141
6
289
154
197
197
184
1,689
4,607
49
98
885
240
190
31
55

71
271
193
21
493
6
800
193
686
807
1,286
7,057
121
4,307
5,179
4,243
50
2,443
4,643
4,157
3,593
2,671
6
6
164
371
221
164
6
336
179
229
229
214
1,964
5,357
57
114
1,029
279
221
36
64

COVID-19 Confirmed Cases, by Zip Code
Zip

29455
29456
29458
29461
29464
29466
29468
29469
29470
29471
29472
29474
29475
29477
29479
29481
29482
29483
29485
29486
29487
29488
29492
29493
29501
29505
29506
29510
29511
29512
29516
29518
29519
29520
29525
29526
29527
29530
29532
29536
29540
29541
29543

Rep. Cases

Est. Cases

Total Cases

378
432
25
387
853
378
10
8
65
15
71
13
17
51
54
48
24
529
448
240
48
303
162
3
570
277
209
77
60
210
7
17
11
216
26
726
291
35
235
189
46
93
16

2,322
2,654
154
2,377
5,240
2,322
61
49
399
92
436
80
104
313
332
295
147
3,250
2,752
1,474
295
1,861
995
18
3,501
1,702
1,284
473
369
1,290
43
104
68
1,327
160
4,460
1,788
215
1,444
1,161
283
571
98

2,700
3,086
179
2,764
6,093
2,700
71
57
464
107
507
93
121
364
386
343
171
3,779
3,200
1,714
343
2,164
1,157
21
4,071
1,979
1,493
550
429
1,500
50
121
79
1,543
186
5,186
2,079
250
1,679
1,350
329
664
114

COVID-19 Confirmed Cases, by Zip Code
Zip

29544
29545
29546
29547
29550
29554
29555
29556
29560
29563
29564
29565
29566
29567
29568
29569
29570
29571
29572
29574
29575
29576
29577
29579
29580
29581
29582
29583
29584
29585
29588
29590
29591
29592
29593
29594
29596
29601
29605
29607
29609
29611
29615

Rep. Cases

Est. Cases

Total Cases

49
28
24
44
235
146
40
248
168
33
4
84
322
11
296
332
35
150
198
125
279
473
701
860
16
42
324
40
17
216
868
20
59
11
5
0
22
268
650
536
459
842
414

301
172
147
270
1,444
897
246
1,523
1,032
203
25
516
1,978
68
1,818
2,039
215
921
1,216
768
1,714
2,906
4,306
5,283
98
258
1,990
246
104
1,327
5,332
123
362
68
31
6
135
1,646
3,993
3,293
2,820
5,172
2,543

350
200
171
314
1,679
1,043
286
1,771
1,200
236
29
600
2,300
79
2,114
2,371
250
1,071
1,414
893
1,993
3,379
5,007
6,143
114
300
2,314
286
121
1,543
6,200
143
421
79
36
6
157
1,914
4,643
3,829
3,279
6,014
2,957

COVID-19 Confirmed Cases, by Zip Code
Zip

29617
29620
29621
29624
29625
29626
29627
29628
29630
29631
29634
29635
29638
29639
29640
29642
29643
29644
29645
29646
29649
29650
29651
29653
29654
29655
29657
29658
29661
29662
29664
29665
29666
29667
29669
29670
29671
29672
29673
29676
29678
29680
29681

Rep. Cases

Est. Cases

Total Cases

591
66
273
90
137
65
75
13
117
223
20
10
7
3
279
314
13
187
92
452
243
378
512
46
41
29
107
0
55
147
4
1
44
3
105
53
92
58
325
22
163
333
504

3,630
405
1,677
553
842
399
461
80
719
1,370
123
61
43
18
1,714
1,929
80
1,149
565
2,777
1,493
2,322
3,145
283
252
178
657
6
338
903
25
6
270
18
645
326
565
356
1,996
135
1,001
2,046
3,096

4,221
471
1,950
643
979
464
536
93
836
1,593
143
71
50
21
1,993
2,243
93
1,336
657
3,229
1,736
2,700
3,657
329
293
207
764
6
393
1,050
29
7
314
21
750
379
657
414
2,321
157
1,164
2,379
3,600

COVID-19 Confirmed Cases, by Zip Code
Zip

29682
29683
29684
29685
29686
29687
29689
29690
29691
29692
29693
29696
29697
29702
29704
29706
29707
29708
29709
29710
29712
29714
29715
29717
29718
29720
29726
29727
29728
29729
29730
29732
29741
29742
29743
29745
29801
29803
29805
29809
29810
29812
29817

Rep. Cases

Est. Cases

Total Cases

22
1
17
7
1
472
18
158
97
33
55
28
112
29
24
144
129
209
50
235
15
35
251
9
29
464
4
14
89
26
431
443
11
11
5
217
112
116
16
8
44
58
51

135
6
104
43
6
2,899
111
971
596
203
338
172
688
178
147
885
792
1,284
307
1,444
92
215
1,542
55
178
2,850
25
86
547
160
2,648
2,721
68
68
31
1,333
688
713
98
49
270
356
313

157
7
121
50
7
3,371
129
1,129
693
236
393
200
800
207
171
1,029
921
1,493
357
1,679
107
250
1,793
64
207
3,314
29
100
636
186
3,079
3,164
79
79
36
1,550
800
829
114
57
314
414
364

COVID-19 Confirmed Cases, by Zip Code
Zip

29819
29821
29824
29827
29828
29829
29831
29832
29835
29836
29838
29840
29841
29842
29843
29845
29847
29848
29849
29851
29853
29856
29860
29902
29904
29906
29907
29909
29910
29911
29912
29915
29916
29918
29920
29921
29922
29923
29924
29926
29927
29928
29929

Rep. Cases

Est. Cases

Total Cases

7
3
37
35
0
47
9
33
40
1
1
3
179
32
4
1
27
4
2
26
26
10
70
378
11
184
93
105
555
4
1
1
2
18
72
0
3
6
32
274
140
136
6

43
18
227
215
6
289
55
203
246
6
6
18
1,100
197
25
6
166
25
12
160
160
61
430
2,322
68
1,130
571
645
3,409
25
6
6
12
111
442
6
18
37
197
1,683
860
835
37

50
21
264
250
6
336
64
236
286
7
7
21
1,279
229
29
7
193
29
14
186
186
71
500
2,700
79
1,314
664
750
3,964
29
7
7
14
129
514
6
21
43
229
1,957
1,000
971
43

COVID-19 Confirmed Cases, by Zip Code
Zip

29932
29934
29935
29936
29940
29941
29943
29944
29945

Rep. Cases

Est. Cases

Total Cases

1
5
33
116
29
1
4
29
37

6
31
203
713
178
6
25
178
227

7
36
236
829
207
7
29
207
264

