COVID-19 Confirmed Cases, by Zip Code
Reported Cases
0 Cases
1 - 10 Cases
11 - 24 Cases
25-49 Cases
50-100 Cases
>100 Cases

© OpenStreetMap

COVID-19 Confirmed Cases, by Zip Code
Zip

29001
29003
29006
29009
29010
29014
29015
29016
29018
29020
29030
29031
29032
29033
29036
29037
29038
29039
29040
29042
29044
29045
29047
29048
29051
29052
29053
29054
29055
29056
29058
29059
29061
29063
29065
29067
29069
29070
29072
29073
29074
29075
29078

Rep. Cases

Est. Cases

Total Cases

26
133
111
20
284
18
25
205
47
349
39
4
38
166
251
6
26
39
98
66
56
310
85
41
15
22
261
99
54
20
23
72
134
332
8
64
47
156
589
449
1
40
181

160
817
682
123
1,745
111
154
1,259
289
2,144
240
25
233
1,020
1,542
37
160
240
602
405
344
1,904
522
252
92
135
1,603
608
332
123
141
442
823
2,039
49
393
289
958
3,618
2,758
6
246
1,112

186
950
793
143
2,029
129
179
1,464
336
2,493
279
29
271
1,186
1,793
43
186
279
700
471
400
2,214
607
293
107
157
1,864
707
386
143
164
514
957
2,371
57
457
336
1,114
4,207
3,207
7
286
1,293

COVID-19 Confirmed Cases, by Zip Code
Zip

29080
29081
29082
29101
29102
29104
29105
29107
29108
29111
29112
29113
29114
29115
29118
29122
29123
29125
29126
29127
29128
29129
29130
29133
29135
29137
29138
29142
29145
29146
29148
29150
29152
29153
29154
29160
29161
29162
29163
29164
29166
29168
29169

Rep. Cases

Est. Cases

Total Cases

47
13
12
20
312
15
16
31
263
11
88
16
22
484
209
0
61
47
17
94
117
20
151
13
116
22
269
89
3
8
100
609
9
244
366
73
121
48
31
38
2
39
346

289
80
74
123
1,917
92
98
190
1,616
68
541
98
135
2,973
1,284
6
375
289
104
577
719
123
928
80
713
135
1,652
547
18
49
614
3,741
55
1,499
2,248
448
743
295
190
233
12
240
2,125

336
93
86
143
2,229
107
114
221
1,879
79
629
114
157
3,457
1,493
6
436
336
121
671
836
143
1,079
93
829
157
1,921
636
21
57
714
4,350
64
1,743
2,614
521
864
343
221
271
14
279
2,471

COVID-19 Confirmed Cases, by Zip Code
Zip

29170
29172
29175
29178
29180
29201
29203
29204
29205
29206
29207
29208
29209
29210
29212
29223
29229
29301
29302
29303
29306
29307
29316
29321
29322
29323
29325
29330
29332
29333
29334
29335
29340
29341
29346
29349
29351
29353
29355
29356
29360
29365
29369

Rep. Cases

Est. Cases

Total Cases

239
88
1
27
186
398
520
221
298
220
361
8
363
628
244
723
532
294
153
238
136
131
231
18
52
127
313
54
29
10
156
44
97
136
2
296
11
21
9
52
256
126
101

1,468
541
6
166
1,143
2,445
3,194
1,358
1,831
1,351
2,218
49
2,230
3,858
1,499
4,441
3,268
1,806
940
1,462
835
805
1,419
111
319
780
1,923
332
178
61
958
270
596
835
12
1,818
68
129
55
319
1,573
774
620

1,707
629
7
193
1,329
2,843
3,714
1,579
2,129
1,571
2,579
57
2,593
4,486
1,743
5,164
3,800
2,100
1,093
1,700
971
936
1,650
129
371
907
2,236
386
207
71
1,114
314
693
971
14
2,114
79
150
64
371
1,829
900
721

COVID-19 Confirmed Cases, by Zip Code
Zip

29370
29372
29374
29375
29376
29377
29379
29384
29385
29388
29401
29403
29404
29405
29406
29407
29409
29410
29412
29414
29418
29420
29424
29425
29426
29429
29431
29432
29434
29435
29436
29437
29438
29439
29440
29445
29446
29448
29449
29450
29451
29452
29453

Rep. Cases

Est. Cases

Total Cases

11
41
33
3
80
0
120
29
103
126
207
1,069
18
678
792
678
7
367
718
646
554
408
0
0
30
57
39
26
1
56
31
38
36
31
334
835
8
17
181
41
33
5
14

68
252
203
18
491
6
737
178
633
774
1,272
6,567
111
4,165
4,865
4,165
43
2,254
4,411
3,968
3,403
2,506
6
6
184
350
240
160
6
344
190
233
221
190
2,052
5,129
49
104
1,112
252
203
31
86

79
293
236
21
571
6
857
207
736
900
1,479
7,636
129
4,843
5,657
4,843
50
2,621
5,129
4,614
3,957
2,914
6
6
214
407
279
186
7
400
221
271
257
221
2,386
5,964
57
121
1,293
293
236
36
100

COVID-19 Confirmed Cases, by Zip Code
Zip

29455
29456
29458
29461
29464
29466
29468
29469
29470
29471
29472
29474
29475
29477
29479
29481
29482
29483
29485
29486
29487
29488
29492
29493
29501
29505
29506
29510
29511
29512
29516
29518
29519
29520
29525
29526
29527
29530
29532
29536
29540
29541
29543

Rep. Cases

Est. Cases

Total Cases

448
494
29
445
942
426
11
8
73
19
83
15
20
62
66
49
26
601
508
289
57
332
174
3
618
303
236
98
71
217
7
19
13
230
27
784
315
35
247
204
52
100
16

2,752
3,035
178
2,734
5,787
2,617
68
49
448
117
510
92
123
381
405
301
160
3,692
3,121
1,775
350
2,039
1,069
18
3,796
1,861
1,450
602
436
1,333
43
117
80
1,413
166
4,816
1,935
215
1,517
1,253
319
614
98

3,200
3,529
207
3,179
6,729
3,043
79
57
521
136
593
107
143
443
471
350
186
4,293
3,629
2,064
407
2,371
1,243
21
4,414
2,164
1,686
700
507
1,550
50
136
93
1,643
193
5,600
2,250
250
1,764
1,457
371
714
114

COVID-19 Confirmed Cases, by Zip Code
Zip

29544
29545
29546
29547
29550
29554
29555
29556
29560
29563
29564
29565
29566
29567
29568
29569
29570
29571
29572
29574
29575
29576
29577
29579
29580
29581
29582
29583
29584
29585
29588
29590
29591
29592
29593
29594
29596
29601
29605
29607
29609
29611
29615

Rep. Cases

Est. Cases

Total Cases

58
30
28
45
259
158
41
271
176
34
5
89
347
11
303
361
36
160
212
131
302
518
755
920
16
43
347
43
17
235
943
21
62
13
6
1
22
285
685
579
481
869
440

356
184
172
276
1,591
971
252
1,665
1,081
209
31
547
2,132
68
1,861
2,218
221
983
1,302
805
1,855
3,182
4,638
5,651
98
264
2,132
264
104
1,444
5,793
129
381
80
37
6
135
1,751
4,208
3,557
2,955
5,338
2,703

414
214
200
321
1,850
1,129
293
1,936
1,257
243
36
636
2,479
79
2,164
2,579
257
1,143
1,514
936
2,157
3,700
5,393
6,571
114
307
2,479
307
121
1,679
6,736
150
443
93
43
7
157
2,036
4,893
4,136
3,436
6,207
3,143

COVID-19 Confirmed Cases, by Zip Code
Zip

29617
29620
29621
29624
29625
29626
29627
29628
29630
29631
29634
29635
29638
29639
29640
29642
29643
29644
29645
29646
29649
29650
29651
29653
29654
29655
29657
29658
29661
29662
29664
29665
29666
29667
29669
29670
29671
29672
29673
29676
29678
29680
29681

Rep. Cases

Est. Cases

Total Cases

615
66
331
110
156
73
87
15
122
225
20
10
8
3
298
342
15
207
101
485
261
402
550
50
46
33
115
0
57
160
4
1
51
4
114
60
100
64
349
23
169
357
561

3,778
405
2,033
676
958
448
534
92
749
1,382
123
61
49
18
1,831
2,101
92
1,272
620
2,979
1,603
2,469
3,379
307
283
203
706
6
350
983
25
6
313
25
700
369
614
393
2,144
141
1,038
2,193
3,446

4,393
471
2,364
786
1,114
521
621
107
871
1,607
143
71
57
21
2,129
2,443
107
1,479
721
3,464
1,864
2,871
3,929
357
329
236
821
6
407
1,143
29
7
364
29
814
429
714
457
2,493
164
1,207
2,550
4,007

COVID-19 Confirmed Cases, by Zip Code
Zip

29682
29683
29684
29685
29686
29687
29689
29690
29691
29692
29693
29696
29697
29702
29704
29706
29707
29708
29709
29710
29712
29714
29715
29717
29718
29720
29726
29727
29728
29729
29730
29732
29741
29742
29743
29745
29801
29803
29805
29809
29810
29812
29817

Rep. Cases

Est. Cases

Total Cases

24
1
20
8
2
509
20
168
103
35
59
28
123
30
27
160
137
225
57
250
18
35
266
9
30
471
4
14
92
28
484
493
12
11
6
235
140
155
27
14
48
65
62

147
6
123
49
12
3,127
123
1,032
633
215
362
172
756
184
166
983
842
1,382
350
1,536
111
215
1,634
55
184
2,893
25
86
565
172
2,973
3,028
74
68
37
1,444
860
952
166
86
295
399
381

171
7
143
57
14
3,636
143
1,200
736
250
421
200
879
214
193
1,143
979
1,607
407
1,786
129
250
1,900
64
214
3,364
29
100
657
200
3,457
3,521
86
79
43
1,679
1,000
1,107
193
100
343
464
443

COVID-19 Confirmed Cases, by Zip Code
Zip

29819
29821
29824
29827
29828
29829
29831
29832
29835
29836
29838
29840
29841
29842
29843
29845
29847
29848
29849
29851
29853
29856
29860
29902
29904
29906
29907
29909
29910
29911
29912
29915
29916
29918
29920
29921
29922
29923
29924
29926
29927
29928
29929

Rep. Cases

Est. Cases

Total Cases

9
3
41
37
3
56
16
41
45
1
3
3
204
42
6
1
29
5
2
35
30
12
83
393
15
205
104
117
602
6
1
1
2
21
83
0
5
6
34
291
146
143
6

55
18
252
227
18
344
98
252
276
6
18
18
1,253
258
37
6
178
31
12
215
184
74
510
2,414
92
1,259
639
719
3,698
37
6
6
12
129
510
6
31
37
209
1,788
897
878
37

64
21
293
264
21
400
114
293
321
7
21
21
1,457
300
43
7
207
36
14
250
214
86
593
2,807
107
1,464
743
836
4,300
43
7
7
14
150
593
6
36
43
243
2,079
1,043
1,021
43

COVID-19 Confirmed Cases, by Zip Code
Zip

29932
29934
29935
29936
29940
29941
29943
29944
29945

Rep. Cases

Est. Cases

Total Cases

1
11
36
130
32
1
5
30
45

6
68
221
799
197
6
31
184
276

7
79
257
929
229
7
36
214
321

