COVID-19 Confirmed Cases, by Zip Code
Reported Cases
0 Cases
1 - 10 Cases
11 - 24 Cases
25-49 Cases
50-100 Cases
>100 Cases

© OpenStreetMap

COVID-19 Confirmed Cases, by Zip Code
Zip

29001
29003
29006
29009
29010
29014
29015
29016
29018
29020
29030
29031
29032
29033
29036
29037
29038
29039
29040
29042
29044
29045
29047
29048
29051
29052
29053
29054
29055
29056
29058
29059
29061
29063
29065
29067
29069
29070
29072
29073
29074
29075
29078

Rep. Cases

Est. Cases

Total Cases

18
83
74
16
248
16
25
157
27
288
34
2
29
109
175
3
16
26
81
46
40
259
62
27
14
18
190
72
48
18
17
48
105
240
6
52
32
103
446
307
1
26
148

111
510
455
98
1,523
98
154
964
166
1,769
209
12
178
670
1,075
18
98
160
498
283
246
1,591
381
166
86
111
1,167
442
295
111
104
295
645
1,474
37
319
197
633
2,740
1,886
6
160
909

129
593
529
114
1,771
114
179
1,121
193
2,057
243
14
207
779
1,250
21
114
186
579
329
286
1,850
443
193
100
129
1,357
514
343
129
121
343
750
1,714
43
371
229
736
3,186
2,193
7
186
1,057

COVID-19 Confirmed Cases, by Zip Code
Zip

29080
29081
29082
29101
29102
29104
29105
29107
29108
29111
29112
29113
29114
29115
29118
29122
29123
29125
29126
29127
29128
29129
29130
29133
29135
29137
29138
29142
29145
29146
29148
29150
29152
29153
29154
29160
29161
29162
29163
29164
29166
29168
29169

Rep. Cases

Est. Cases

Total Cases

38
9
8
18
267
12
14
22
170
8
56
4
15
352
125
0
35
36
11
55
104
14
134
9
65
17
201
61
1
6
91
428
4
166
293
56
83
38
24
29
1
29
269

233
55
49
111
1,640
74
86
135
1,044
49
344
25
92
2,162
768
6
215
221
68
338
639
86
823
55
399
104
1,235
375
6
37
559
2,629
25
1,020
1,800
344
510
233
147
178
6
178
1,652

271
64
57
129
1,907
86
100
157
1,214
57
400
29
107
2,514
893
6
250
257
79
393
743
100
957
64
464
121
1,436
436
7
43
650
3,057
29
1,186
2,093
400
593
271
171
207
7
207
1,921

COVID-19 Confirmed Cases, by Zip Code
Zip

29170
29172
29175
29178
29180
29201
29203
29204
29205
29206
29207
29208
29209
29210
29212
29223
29229
29301
29302
29303
29306
29307
29316
29321
29322
29323
29325
29330
29332
29333
29334
29335
29340
29341
29346
29349
29351
29353
29355
29356
29360
29365
29369

Rep. Cases

Est. Cases

Total Cases

196
70
1
17
133
356
341
171
236
178
322
8
255
367
156
591
403
200
111
162
93
82
141
10
35
83
242
40
12
2
101
23
51
89
2
214
8
12
9
41
170
79
73

1,204
430
6
104
817
2,187
2,095
1,050
1,450
1,093
1,978
49
1,566
2,254
958
3,630
2,476
1,229
682
995
571
504
866
61
215
510
1,487
246
74
12
620
141
313
547
12
1,315
49
74
55
252
1,044
485
448

1,400
500
7
121
950
2,543
2,436
1,221
1,686
1,271
2,300
57
1,821
2,621
1,114
4,221
2,879
1,429
793
1,157
664
586
1,007
71
250
593
1,729
286
86
14
721
164
364
636
14
1,529
57
86
64
293
1,214
564
521

COVID-19 Confirmed Cases, by Zip Code
Zip

29370
29372
29374
29375
29376
29377
29379
29384
29385
29388
29401
29403
29404
29405
29406
29407
29409
29410
29412
29414
29418
29420
29424
29425
29426
29429
29431
29432
29434
29435
29436
29437
29438
29439
29440
29445
29446
29448
29449
29450
29451
29452
29453

Rep. Cases

Est. Cases

Total Cases

4
26
23
2
42
0
75
16
81
74
148
764
14
397
507
420
6
256
452
403
342
258
0
0
14
38
17
17
0
36
18
13
19
22
201
480
6
10
87
23
25
3
5

25
160
141
12
258
6
461
98
498
455
909
4,693
86
2,439
3,114
2,580
37
1,573
2,777
2,476
2,101
1,585
6
6
86
233
104
104
6
221
111
80
117
135
1,235
2,949
37
61
534
141
154
18
31

29
186
164
14
300
6
536
114
579
529
1,057
5,457
100
2,836
3,621
3,000
43
1,829
3,229
2,879
2,443
1,843
6
6
100
271
121
121
6
257
129
93
136
157
1,436
3,429
43
71
621
164
179
21
36

COVID-19 Confirmed Cases, by Zip Code
Zip

29455
29456
29458
29461
29464
29466
29468
29469
29470
29471
29472
29474
29475
29477
29479
29481
29482
29483
29485
29486
29487
29488
29492
29493
29501
29505
29506
29510
29511
29512
29516
29518
29519
29520
29525
29526
29527
29530
29532
29536
29540
29541
29543

Rep. Cases

Est. Cases

Total Cases

264
290
18
257
602
304
7
6
47
8
44
4
13
29
38
39
21
349
299
166
31
238
110
3
476
227
182
51
46
197
7
15
8
192
24
561
223
31
208
158
45
71
12

1,622
1,781
111
1,579
3,698
1,867
43
37
289
49
270
25
80
178
233
240
129
2,144
1,837
1,020
190
1,462
676
18
2,924
1,394
1,118
313
283
1,210
43
92
49
1,179
147
3,446
1,370
190
1,278
971
276
436
74

1,886
2,071
129
1,836
4,300
2,171
50
43
336
57
314
29
93
207
271
279
150
2,493
2,136
1,186
221
1,700
786
21
3,400
1,621
1,300
364
329
1,407
50
107
57
1,371
171
4,007
1,593
221
1,486
1,129
321
507
86

COVID-19 Confirmed Cases, by Zip Code
Zip

29544
29545
29546
29547
29550
29554
29555
29556
29560
29563
29564
29565
29566
29567
29568
29569
29570
29571
29572
29574
29575
29576
29577
29579
29580
29581
29582
29583
29584
29585
29588
29590
29591
29592
29593
29594
29596
29601
29605
29607
29609
29611
29615

Rep. Cases

Est. Cases

Total Cases

36
18
21
38
193
119
35
231
148
27
4
78
257
9
248
272
30
116
146
102
198
332
490
628
13
34
266
34
16
178
610
18
52
11
4
0
18
216
538
394
386
738
322

221
111
129
233
1,186
731
215
1,419
909
166
25
479
1,579
55
1,523
1,671
184
713
897
627
1,216
2,039
3,010
3,858
80
209
1,634
209
98
1,093
3,747
111
319
68
25
6
111
1,327
3,305
2,420
2,371
4,533
1,978

257
129
150
271
1,379
850
250
1,650
1,057
193
29
557
1,836
64
1,771
1,943
214
829
1,043
729
1,414
2,371
3,500
4,486
93
243
1,900
243
114
1,271
4,357
129
371
79
29
6
129
1,543
3,843
2,814
2,757
5,271
2,300

COVID-19 Confirmed Cases, by Zip Code
Zip

29617
29620
29621
29624
29625
29626
29627
29628
29630
29631
29634
29635
29638
29639
29640
29642
29643
29644
29645
29646
29649
29650
29651
29653
29654
29655
29657
29658
29661
29662
29664
29665
29666
29667
29669
29670
29671
29672
29673
29676
29678
29680
29681

Rep. Cases

Est. Cases

Total Cases

504
55
201
69
95
54
59
10
94
201
17
6
4
3
221
232
6
141
70
300
175
305
395
30
32
23
79
0
46
99
2
1
28
1
81
44
74
35
242
18
117
256
382

3,096
338
1,235
424
584
332
362
61
577
1,235
104
37
25
18
1,358
1,425
37
866
430
1,843
1,075
1,874
2,426
184
197
141
485
6
283
608
12
6
172
6
498
270
455
215
1,487
111
719
1,573
2,347

3,600
393
1,436
493
679
386
421
71
671
1,436
121
43
29
21
1,579
1,657
43
1,007
500
2,143
1,250
2,179
2,821
214
229
164
564
6
329
707
14
7
200
7
579
314
529
250
1,729
129
836
1,829
2,729

COVID-19 Confirmed Cases, by Zip Code
Zip

29682
29683
29684
29685
29686
29687
29689
29690
29691
29692
29693
29696
29697
29702
29704
29706
29707
29708
29709
29710
29712
29714
29715
29717
29718
29720
29726
29727
29728
29729
29730
29732
29741
29742
29743
29745
29801
29803
29805
29809
29810
29812
29817

Rep. Cases

Est. Cases

Total Cases

18
1
16
6
1
360
12
114
70
24
42
23
78
19
18
98
103
181
43
193
14
31
179
9
23
395
2
11
75
20
336
330
10
6
3
162
81
88
11
5
31
38
36

111
6
98
37
6
2,211
74
700
430
147
258
141
479
117
111
602
633
1,112
264
1,186
86
190
1,100
55
141
2,426
12
68
461
123
2,064
2,027
61
37
18
995
498
541
68
31
190
233
221

129
7
114
43
7
2,571
86
814
500
171
300
164
557
136
129
700
736
1,293
307
1,379
100
221
1,279
64
164
2,821
14
79
536
143
2,400
2,357
71
43
21
1,157
579
629
79
36
221
271
257

COVID-19 Confirmed Cases, by Zip Code
Zip

29819
29821
29824
29827
29828
29829
29831
29832
29835
29836
29838
29840
29841
29842
29843
29845
29847
29848
29849
29851
29853
29856
29860
29902
29904
29906
29907
29909
29910
29911
29912
29915
29916
29918
29920
29921
29922
29923
29924
29926
29927
29928
29929

Rep. Cases

Est. Cases

Total Cases

3
1
20
22
0
32
7
32
18
0
1
1
124
23
3
0
19
4
2
17
19
7
46
271
6
139
70
74
379
4
1
1
2
12
53
0
3
5
25
212
96
100
5

18
6
123
135
6
197
43
197
111
6
6
6
762
141
18
6
117
25
12
104
117
43
283
1,665
37
854
430
455
2,328
25
6
6
12
74
326
6
18
31
154
1,302
590
614
31

21
7
143
157
6
229
50
229
129
6
7
7
886
164
21
6
136
29
14
121
136
50
329
1,936
43
993
500
529
2,707
29
7
7
14
86
379
6
21
36
179
1,514
686
714
36

COVID-19 Confirmed Cases, by Zip Code
Zip

29932
29934
29935
29936
29940
29941
29943
29944
29945

Rep. Cases

Est. Cases

Total Cases

1
5
23
67
13
1
2
17
28

6
31
141
412
80
6
12
104
172

7
36
164
479
93
7
14
121
200

