COVID-19 Cases, by Zip Code
Reported Cases
0 Cases
1 - 5 Cases
6 - 15 Cases
16 - 40 Cases
>40 Cases

© OpenStreetMap

COVID-19 Cases by Zip Code
Zip

29001
29003
29006
29009
29010
29014
29015
29016
29018
29020
29030
29031
29032
29033
29036
29037
29038
29039
29040
29042
29044
29045
29047
29048
29051
29052
29053
29054
29055
29056
29058
29059
29061
29063
29065
29067
29069
29070
29072
29073
29074
29075
29078

Rep. Cases

Est. Cases

Total Cases

12
12
30
11
197
12
10
81
6
160
7
2
15
28
73
1
4
13
29
21
17
143
18
12
9
7
79
18
39
8
8
14
47
82
3
16
19
34
154
116
0
6
63

74
74
184
68
1,210
74
61
498
37
983
43
12
92
172
448
6
25
80
178
129
104
878
111
74
55
43
485
111
240
49
49
86
289
504
18
98
117
209
946
713
6
37
387

86
86
214
79
1,407
86
71
579
43
1,143
50
14
107
200
521
7
29
93
207
150
121
1,021
129
86
64
50
564
129
279
57
57
100
336
586
21
114
136
243
1,100
829
6
43
450

COVID-19 Cases by Zip Code
Zip

29080
29081
29082
29101
29102
29104
29105
29107
29108
29111
29112
29113
29114
29115
29118
29122
29123
29125
29126
29127
29128
29129
29130
29133
29135
29137
29138
29142
29145
29146
29148
29150
29152
29153
29154
29160
29161
29162
29163
29164
29166
29168
29169

Rep. Cases

Est. Cases

Total Cases

25
0
0
12
200
8
3
4
45
4
19
1
13
109
38
0
10
14
1
18
40
8
120
1
13
12
143
18
1
2
74
171
3
65
123
26
45
13
16
12
0
13
133

154
6
6
74
1,229
49
18
25
276
25
117
6
80
670
233
6
61
86
6
111
246
49
737
6
80
74
878
111
6
12
455
1,050
18
399
756
160
276
80
98
74
6
80
817

179
6
6
86
1,429
57
21
29
321
29
136
7
93
779
271
6
71
100
7
129
286
57
857
7
93
86
1,021
129
7
14
529
1,221
21
464
879
186
321
93
114
86
6
93
950

COVID-19 Cases by Zip Code
Zip

29170
29172
29175
29178
29180
29201
29203
29204
29205
29206
29207
29208
29209
29210
29212
29223
29229
29301
29302
29303
29306
29307
29316
29321
29322
29323
29325
29330
29332
29333
29334
29335
29340
29341
29346
29349
29351
29353
29355
29356
29360
29365
29369

Rep. Cases

Est. Cases

Total Cases

78
32
1
6
68
137
181
77
82
48
120
2
104
167
71
336
227
86
35
78
45
35
62
1
15
29
29
13
1
0
42
7
25
36
0
127
0
3
4
18
25
32
25

479
197
6
37
418
842
1,112
473
504
295
737
12
639
1,026
436
2,064
1,394
528
215
479
276
215
381
6
92
178
178
80
6
6
258
43
154
221
6
780
6
18
25
111
154
197
154

557
229
7
43
486
979
1,293
550
586
343
857
14
743
1,193
507
2,400
1,621
614
250
557
321
250
443
7
107
207
207
93
7
6
300
50
179
257
6
907
6
21
29
129
179
229
179

COVID-19 Cases by Zip Code
Zip

29370
29372
29374
29375
29376
29377
29379
29384
29385
29388
29401
29403
29404
29405
29406
29407
29409
29410
29412
29414
29418
29420
29424
29425
29426
29429
29431
29432
29434
29435
29436
29437
29438
29439
29440
29445
29446
29448
29449
29450
29451
29452
29453

Rep. Cases

Est. Cases

Total Cases

3
11
9
1
24
0
34
3
52
25
26
53
4
47
80
68
1
65
46
68
62
59
0
41
3
8
1
2
0
7
2
1
1
2
48
61
3
3
15
4
7
1
1

18
68
55
6
147
6
209
18
319
154
160
326
25
289
491
418
6
399
283
418
381
362
6
252
18
49
6
12
6
43
12
6
6
12
295
375
18
18
92
25
43
6
6

21
79
64
7
171
6
243
21
371
179
186
379
29
336
571
486
7
464
329
486
443
421
6
293
21
57
7
14
6
50
14
7
7
14
343
436
21
21
107
29
50
7
7

COVID-19 Cases by Zip Code
Zip

29455
29456
29458
29461
29464
29466
29468
29469
29470
29471
29472
29474
29475
29477
29479
29481
29482
29483
29485
29486
29487
29488
29492
29493
29501
29505
29506
29510
29511
29512
29516
29518
29519
29520
29525
29526
29527
29530
29532
29536
29540
29541
29543

Rep. Cases

Est. Cases

Total Cases

24
62
3
81
85
60
2
0
7
5
6
2
5
10
15
8
8
73
59
24
5
109
12
0
233
111
111
13
12
137
6
11
0
143
14
60
54
12
164
110
31
42
3

147
381
18
498
522
369
12
6
43
31
37
6
31
61
92
49
49
448
362
147
31
670
74
6
1,431
682
682
80
74
842
37
68
6
878
86
369
332
74
1,007
676
190
258
6

171
443
21
579
607
429
14
6
50
36
43
8
36
71
107
57
57
521
421
171
36
779
86
6
1,664
793
793
93
86
979
43
79
6
1,021
100
429
386
86
1,171
786
221
300
9

COVID-19 Cases by Zip Code
Zip

29544
29545
29546
29547
29550
29554
29555
29556
29560
29563
29564
29565
29566
29567
29568
29569
29570
29571
29572
29574
29575
29576
29577
29579
29580
29581
29582
29583
29584
29585
29588
29590
29591
29592
29593
29594
29596
29601
29605
29607
29609
29611
29615

Rep. Cases

Est. Cases

Total Cases

7
9
7
19
113
38
18
170
80
16
4
33
31
4
78
131
19
41
17
29
24
35
60
64
10
21
32
25
12
18
53
13
36
7
2
0
9
52
199
108
167
347
104

43
55
43
117
694
233
111
1,044
491
98
25
203
190
25
479
805
117
252
104
178
147
215
369
393
61
129
197
154
74
111
326
80
221
43
12
6
55
319
1,222
663
1,026
2,132
639

50
64
50
136
807
271
129
1,214
571
114
29
236
221
29
557
936
136
293
121
207
171
250
429
457
71
150
229
179
86
129
379
93
257
50
14
6
64
371
1,421
771
1,193
2,479
743

COVID-19 Cases by Zip Code
Zip

29617
29620
29621
29624
29625
29626
29627
29628
29630
29631
29634
29635
29638
29639
29640
29642
29643
29644
29645
29646
29649
29650
29651
29653
29654
29655
29657
29658
29661
29662
29664
29665
29666
29667
29669
29670
29671
29672
29673
29676
29678
29680
29681

Rep. Cases

Est. Cases

Total Cases

192
38
71
31
38
10
21
6
3
5
0
4
2
2
68
88
1
46
22
108
44
101
166
7
11
17
18
0
18
36
0
0
12
0
37
7
28
7
98
7
18
87
122

1,179
233
436
190
233
61
129
37
18
31
6
25
12
12
418
541
6
283
135
663
270
620
1,020
6
68
104
111
6
111
221
6
6
74
6
227
43
172
43
602
43
111
534
749

1,371
271
507
221
271
71
150
43
21
36
6
29
14
14
486
629
7
329
157
771
314
721
1,186
13
79
121
129
6
129
257
6
6
86
6
264
50
200
50
700
50
129
621
871

COVID-19 Cases by Zip Code
Zip

29682
29683
29684
29685
29686
29687
29689
29690
29691
29692
29693
29696
29697
29702
29704
29706
29707
29708
29709
29710
29712
29714
29715
29717
29718
29720
29726
29727
29728
29729
29730
29732
29741
29742
29743
29745
29801
29803
29805
29809
29810
29812
29817

Rep. Cases

Est. Cases

Total Cases

5
1
5
1
0
145
2
42
8
9
15
3
19
6
5
35
41
52
33
64
5
13
57
3
13
149
0
5
26
7
114
140
5
3
1
37
33
39
2
3
16
21
25

31
6
31
6
6
891
12
258
49
55
92
18
117
37
31
215
252
319
203
393
31
80
350
18
80
915
6
6
160
43
700
860
31
18
6
227
203
240
12
18
98
129
154

36
7
36
7
6
1,036
14
300
57
64
107
21
136
43
36
250
293
371
236
457
36
93
407
21
93
1,064
6
11
186
50
814
1,000
36
21
7
264
236
279
14
21
114
150
179

COVID-19 Cases by Zip Code
Zip

29819
29821
29824
29827
29828
29829
29831
29832
29835
29836
29838
29840
29841
29842
29843
29845
29847
29848
29849
29851
29853
29856
29860
29902
29904
29906
29907
29909
29910
29911
29912
29915
29916
29918
29920
29921
29922
29923
29924
29926
29927
29928
29929

Rep. Cases

Est. Cases

Total Cases

2
0
9
16
0
19
5
26
10
0
1
0
49
8
0
0
8
2
2
9
10
2
22
101
0
60
31
27
107
2
1
1
2
9
22
0
3
1
12
53
21
17
4

6
6
55
98
6
117
31
160
61
6
6
6
301
49
6
6
49
6
6
55
61
12
135
620
6
369
190
166
657
12
6
6
6
55
135
6
18
6
74
326
129
104
25

8
6
64
114
6
136
36
186
71
6
7
6
350
57
6
6
57
8
8
64
71
14
157
721
6
429
221
193
764
14
7
7
8
64
157
6
21
7
86
379
150
121
29

COVID-19 Cases by Zip Code
Zip

29932
29934
29935
29936
29940
29941
29943
29944
29945

Rep. Cases

Est. Cases

Total Cases

1
2
11
22
3
1
1
8
17

6
12
68
135
18
6
6
49
104

7
14
79
157
21
7
7
57
121

