COVID-19 Cases, by Zip Code
Reported Cases
0 Cases
1 - 10 Cases
11 - 24 Cases
25-49 Cases
50-100 Cases
>100 Cases

© OpenStreetMap

COVID-19 Cases by Zip Code
Zip

29001
29003
29006
29009
29010
29014
29015
29016
29018
29020
29030
29031
29032
29033
29036
29037
29038
29039
29040
29042
29044
29045
29047
29048
29051
29052
29053
29054
29055
29056
29058
29059
29061
29063
29065
29067
29069
29070
29072
29073
29074
29075
29078

Rep. Cases

Est. Cases

Total Cases

14
21
35
11
203
13
16
99
6
180
11
2
18
41
89
2
5
15
40
24
22
175
37
16
11
7
97
29
42
9
9
18
56
113
3
20
21
47
238
153
0
10
75

86
129
215
68
1,247
80
98
608
37
1,106
68
12
111
252
547
12
31
92
246
147
135
1,075
227
98
68
43
596
178
258
55
55
111
344
694
18
123
129
289
1,462
940
6
61
461

100
150
250
79
1,450
93
114
707
43
1,286
79
14
129
293
636
14
36
107
286
171
157
1,250
264
114
79
50
693
207
300
64
64
129
400
807
21
143
150
336
1,700
1,093
6
71
536

COVID-19 Cases by Zip Code
Zip

29080
29081
29082
29101
29102
29104
29105
29107
29108
29111
29112
29113
29114
29115
29118
29122
29123
29125
29126
29127
29128
29129
29130
29133
29135
29137
29138
29142
29145
29146
29148
29150
29152
29153
29154
29160
29161
29162
29163
29164
29166
29168
29169

Rep. Cases

Est. Cases

Total Cases

27
0
4
12
218
8
3
12
60
4
31
1
13
157
45
0
16
19
2
19
58
11
124
2
24
13
150
25
1
3
76
226
3
83
165
31
48
18
16
18
0
18
172

166
6
25
74
1,339
49
18
74
369
25
190
6
80
964
276
6
98
117
12
117
356
68
762
12
147
80
921
154
6
18
467
1,388
18
510
1,014
190
295
111
98
111
6
111
1,057

193
6
29
86
1,557
57
21
86
429
29
221
7
93
1,121
321
6
114
136
14
136
414
79
886
14
171
93
1,071
179
7
21
543
1,614
21
593
1,179
221
343
129
114
129
6
129
1,229

COVID-19 Cases by Zip Code
Zip

29170
29172
29175
29178
29180
29201
29203
29204
29205
29206
29207
29208
29209
29210
29212
29223
29229
29301
29302
29303
29306
29307
29316
29321
29322
29323
29325
29330
29332
29333
29334
29335
29340
29341
29346
29349
29351
29353
29355
29356
29360
29365
29369

Rep. Cases

Est. Cases

Total Cases

109
41
1
6
79
225
196
99
121
89
165
3
139
180
85
384
268
107
53
112
53
45
71
1
17
36
68
20
2
0
56
7
29
49
0
140
2
3
6
19
44
42
34

670
252
6
37
485
1,382
1,204
608
743
547
1,014
18
854
1,106
522
2,359
1,646
657
326
688
326
276
436
6
104
221
418
123
12
6
344
43
178
301
6
860
12
18
37
117
270
258
209

779
293
7
43
564
1,607
1,400
707
864
636
1,179
21
993
1,286
607
2,743
1,914
764
379
800
379
321
507
7
121
257
486
143
14
6
400
50
207
350
6
1,000
14
21
43
136
314
300
243

COVID-19 Cases by Zip Code
Zip

29370
29372
29374
29375
29376
29377
29379
29384
29385
29388
29401
29403
29404
29405
29406
29407
29409
29410
29412
29414
29418
29420
29424
29425
29426
29429
29431
29432
29434
29435
29436
29437
29438
29439
29440
29445
29446
29448
29449
29450
29451
29452
29453

Rep. Cases

Est. Cases

Total Cases

3
13
11
1
26
0
39
4
60
35
39
100
5
63
131
87
2
94
65
87
84
77
0
53
4
11
3
7
0
13
6
1
1
2
70
105
3
3
21
5
8
2
2

18
80
68
6
160
6
240
25
369
215
240
614
31
387
805
534
12
577
399
534
516
473
6
326
25
68
18
43
6
80
37
6
6
12
430
645
18
18
129
31
49
12
12

21
93
79
7
186
6
279
29
429
250
279
714
36
450
936
621
14
671
464
621
600
550
6
379
29
79
21
50
6
93
43
7
7
14
500
750
21
21
150
36
57
14
14

COVID-19 Cases by Zip Code
Zip

29455
29456
29458
29461
29464
29466
29468
29469
29470
29471
29472
29474
29475
29477
29479
29481
29482
29483
29485
29486
29487
29488
29492
29493
29501
29505
29506
29510
29511
29512
29516
29518
29519
29520
29525
29526
29527
29530
29532
29536
29540
29541
29543

Rep. Cases

Est. Cases

Total Cases

48
86
8
92
109
89
2
1
10
5
6
2
7
12
18
20
8
97
81
43
5
140
20
2
282
132
118
18
21
154
6
13
0
161
15
125
86
17
171
115
34
45
3

295
528
49
565
670
547
12
6
61
31
37
12
43
74
111
123
49
596
498
264
31
860
123
12
1,732
811
725
111
129
946
37
80
6
989
92
768
528
104
1,050
706
209
276
18

343
614
57
657
779
636
14
7
71
36
43
14
50
86
129
143
57
693
579
307
36
1,000
143
14
2,014
943
843
129
150
1,100
43
93
6
1,150
107
893
614
121
1,221
821
243
321
21

COVID-19 Cases by Zip Code
Zip

29544
29545
29546
29547
29550
29554
29555
29556
29560
29563
29564
29565
29566
29567
29568
29569
29570
29571
29572
29574
29575
29576
29577
29579
29580
29581
29582
29583
29584
29585
29588
29590
29591
29592
29593
29594
29596
29601
29605
29607
29609
29611
29615

Rep. Cases

Est. Cases

Total Cases

9
12
9
19
121
51
18
183
88
16
4
39
67
6
129
167
20
49
34
41
40
64
114
142
11
23
65
26
13
57
105
13
41
7
3
0
13
102
319
162
217
476
135

55
74
55
117
743
313
111
1,124
541
98
25
240
412
37
792
1,026
123
301
209
252
246
393
700
872
68
141
399
160
80
350
645
80
252
43
18
6
80
627
1,960
995
1,333
2,924
829

64
86
64
136
864
364
129
1,307
629
114
29
279
479
43
921
1,193
143
350
243
293
286
457
814
1,014
79
164
464
186
93
407
750
93
293
50
21
6
93
729
2,279
1,157
1,550
3,400
964

COVID-19 Cases by Zip Code
Zip

29617
29620
29621
29624
29625
29626
29627
29628
29630
29631
29634
29635
29638
29639
29640
29642
29643
29644
29645
29646
29649
29650
29651
29653
29654
29655
29657
29658
29661
29662
29664
29665
29666
29667
29669
29670
29671
29672
29673
29676
29678
29680
29681

Rep. Cases

Est. Cases

Total Cases

299
46
81
36
44
18
28
6
7
12
0
4
2
2
92
117
1
64
28
165
103
142
214
15
17
17
31
0
23
49
0
0
19
0
46
11
38
10
131
7
28
107
152

1,837
283
498
221
270
111
172
37
43
74
6
25
12
12
565
719
6
393
172
1,014
633
872
1,315
92
104
104
190
6
141
301
6
6
117
6
283
68
233
61
805
43
172
657
934

2,136
329
579
257
314
129
200
43
50
86
6
29
14
14
657
836
7
457
200
1,179
736
1,014
1,529
107
121
121
221
6
164
350
6
6
136
6
329
79
271
71
936
50
200
764
1,086

COVID-19 Cases by Zip Code
Zip

29682
29683
29684
29685
29686
29687
29689
29690
29691
29692
29693
29696
29697
29702
29704
29706
29707
29708
29709
29710
29712
29714
29715
29717
29718
29720
29726
29727
29728
29729
29730
29732
29741
29742
29743
29745
29801
29803
29805
29809
29810
29812
29817

Rep. Cases

Est. Cases

Total Cases

8
1
6
2
0
190
3
56
19
11
16
5
32
9
7
43
50
63
36
90
5
14
86
5
18
186
1
6
40
8
151
171
5
3
2
57
34
41
3
3
16
22
25

49
6
37
12
6
1,167
18
344
117
68
98
31
197
55
43
264
307
387
221
553
31
86
528
31
111
1,143
6
37
246
49
928
1,050
31
18
12
350
209
252
18
18
98
135
154

57
7
43
14
6
1,357
21
400
136
79
114
36
229
64
50
307
357
450
257
643
36
100
614
36
129
1,329
7
43
286
57
1,079
1,221
36
21
14
407
243
293
21
21
114
157
179

COVID-19 Cases by Zip Code
Zip

29819
29821
29824
29827
29828
29829
29831
29832
29835
29836
29838
29840
29841
29842
29843
29845
29847
29848
29849
29851
29853
29856
29860
29902
29904
29906
29907
29909
29910
29911
29912
29915
29916
29918
29920
29921
29922
29923
29924
29926
29927
29928
29929

Rep. Cases

Est. Cases

Total Cases

2
0
12
17
0
21
5
26
10
0
1
0
57
9
0
0
9
3
2
10
10
2
23
121
1
72
34
31
157
2
1
1
2
10
30
0
3
1
13
91
26
33
4

12
6
74
104
6
129
31
160
61
6
6
6
350
55
6
6
55
18
12
61
61
12
141
743
6
442
209
190
964
12
6
6
12
61
184
6
18
6
80
559
160
203
25

14
6
86
121
6
150
36
186
71
6
7
6
407
64
6
6
64
21
14
71
71
14
164
864
7
514
243
221
1,121
14
7
7
14
71
214
6
21
7
93
650
186
236
29

COVID-19 Cases by Zip Code
Zip

29932
29934
29935
29936
29940
29941
29943
29944
29945

Rep. Cases

Est. Cases

Total Cases

1
2
11
24
4
1
1
10
18

6
12
68
147
25
6
6
61
111

7
14
79
171
29
7
7
71
129

