COVID-19 Cases, by Zip Code
Reported Cases
0 Cases
1 - 5 Cases
6 - 15 Cases
16 - 40 Cases
>40 Cases

© OpenStreetMap

COVID-19 Cases by Zip Code
Zip

29001
29003
29006
29009
29010
29014
29015
29016
29018
29020
29030
29031
29032
29033
29036
29037
29038
29039
29040
29042
29044
29045
29047
29048
29051
29052
29053
29054
29055
29056
29058
29059
29061
29063
29065
29067
29069
29070
29072
29073
29074
29075
29078

Rep. Cases

Est. Cases

Total Cases

10
6
20
6
79
2
3
49
1
130
1
1
5
11
44
1
4
5
17
8
12
70
3
10
4
5
37
12
5
2
4
7
31
48
1
12
12
22
83
52
0
3
50

61
37
123
37
485
12
6
301
6
799
6
6
31
68
270
6
25
31
104
49
74
430
18
61
25
31
227
74
31
12
25
43
190
295
6
74
74
135
510
319
6
18
307

71
43
143
43
564
14
9
350
7
929
7
7
36
79
314
7
29
36
121
57
86
500
21
71
29
36
264
86
36
14
29
50
221
343
7
86
86
157
593
371
6
21
357

COVID-19 Cases by Zip Code
Zip

29080
29081
29082
29101
29102
29104
29105
29107
29108
29111
29112
29113
29114
29115
29118
29122
29123
29125
29126
29127
29128
29129
29130
29133
29135
29137
29138
29142
29145
29146
29148
29150
29152
29153
29154
29160
29161
29162
29163
29164
29166
29168
29169

Rep. Cases

Est. Cases

Total Cases

17
0
0
7
175
3
2
3
11
3
16
0
7
25
13
0
6
12
1
9
28
6
28
1
7
9
78
6
1
2
60
91
3
43
80
13
29
10
5
5
0
5
35

104
6
6
43
1,075
18
12
18
68
18
98
6
43
154
80
6
37
74
6
55
172
37
172
6
43
55
479
37
6
12
369
559
18
264
491
80
178
61
31
31
6
31
215

121
6
6
50
1,250
21
14
21
79
21
114
6
50
179
93
6
43
86
7
64
200
43
200
7
50
64
557
43
7
14
429
650
21
307
571
93
207
71
36
36
6
36
250

COVID-19 Cases by Zip Code
Zip

29170
29172
29175
29178
29180
29201
29203
29204
29205
29206
29207
29208
29209
29210
29212
29223
29229
29301
29302
29303
29306
29307
29316
29321
29322
29323
29325
29330
29332
29333
29334
29335
29340
29341
29346
29349
29351
29353
29355
29356
29360
29365
29369

Rep. Cases

Est. Cases

Total Cases

30
21
1
4
22
29
113
52
24
28
70
2
70
107
43
204
158
26
17
20
30
15
33
1
6
18
12
4
1
0
19
4
13
6
0
35
0
1
1
3
14
22
14

184
129
6
25
135
178
694
319
147
172
430
12
430
657
264
1,253
971
160
104
123
184
92
203
6
37
111
74
25
6
6
117
25
80
37
6
215
6
6
6
18
86
135
86

214
150
7
29
157
207
807
371
171
200
500
14
500
764
307
1,457
1,129
186
121
143
214
107
236
7
43
129
86
29
7
6
136
29
93
43
6
250
6
7
7
21
100
157
100

COVID-19 Cases by Zip Code
Zip

29370
29372
29374
29375
29376
29377
29379
29384
29385
29388
29401
29403
29404
29405
29406
29407
29409
29410
29412
29414
29418
29420
29424
29425
29426
29429
29431
29432
29434
29435
29436
29437
29438
29439
29440
29445
29446
29448
29449
29450
29451
29452
29453

Rep. Cases

Est. Cases

Total Cases

2
9
5
1
15
0
27
1
23
13
13
28
2
39
28
41
0
46
41
37
28
28
0
14
0
6
0
1
0
3
2
1
1
2
25
35
1
2
8
1
9
0
1

12
55
31
6
92
6
166
6
141
80
80
172
12
240
172
252
6
283
252
227
172
172
6
86
6
37
6
6
6
18
12
6
6
12
154
215
6
12
49
6
55
6
6

14
64
36
7
107
6
193
7
164
93
93
200
14
279
200
293
6
329
293
264
200
200
6
100
6
43
6
7
6
21
14
7
7
14
179
250
7
14
57
7
64
6
7

COVID-19 Cases by Zip Code
Zip

29455
29456
29458
29461
29464
29466
29468
29469
29470
29471
29472
29474
29475
29477
29479
29481
29482
29483
29485
29486
29487
29488
29492
29493
29501
29505
29506
29510
29511
29512
29516
29518
29519
29520
29525
29526
29527
29530
29532
29536
29540
29541
29543

Rep. Cases

Est. Cases

Total Cases

15
25
3
68
68
45
3
0
5
2
3
0
3
5
11
0
8
29
37
12
5
20
11
0
128
54
74
8
5
44
6
3
0
31
5
24
31
10
60
55
17
26
0

92
154
18
418
418
276
18
6
31
12
18
6
18
31
68
6
49
178
227
74
31
123
68
6
786
332
455
49
31
270
37
18
6
190
31
147
190
61
369
338
104
160
6

107
179
21
486
486
321
21
6
36
14
21
6
21
36
79
6
57
207
264
86
36
143
79
6
914
386
529
57
36
314
43
21
6
221
36
171
221
71
429
393
121
186
6

COVID-19 Cases by Zip Code
Zip

29544
29545
29546
29547
29550
29554
29555
29556
29560
29563
29564
29565
29566
29567
29568
29569
29570
29571
29572
29574
29575
29576
29577
29579
29580
29581
29582
29583
29584
29585
29588
29590
29591
29592
29593
29594
29596
29601
29605
29607
29609
29611
29615

Rep. Cases

Est. Cases

Total Cases

5
1
5
7
82
28
10
87
42
11
1
11
13
3
14
27
1
27
6
15
12
25
25
23
5
7
7
14
2
13
34
7
20
0
1
0
1
29
82
50
90
78
50

31
6
31
43
504
172
61
534
258
68
6
68
80
18
86
166
6
166
37
92
74
154
154
141
31
43
43
86
12
80
209
43
123
6
6
6
6
178
504
307
553
479
307

36
7
36
50
586
200
71
621
300
79
7
79
93
21
100
193
7
193
43
107
86
179
179
164
36
50
50
100
14
93
243
50
143
6
7
6
7
207
586
357
643
557
357

COVID-19 Cases by Zip Code
Zip

29617
29620
29621
29624
29625
29626
29627
29628
29630
29631
29634
29635
29638
29639
29640
29642
29643
29644
29645
29646
29649
29650
29651
29653
29654
29655
29657
29658
29661
29662
29664
29665
29666
29667
29669
29670
29671
29672
29673
29676
29678
29680
29681

Rep. Cases

Est. Cases

Total Cases

34
24
44
19
26
8
14
4
1
5
0
1
2
1
20
31
0
25
11
26
21
41
76
0
9
12
9
0
4
23
0
1
6
0
19
4
3
6
41
6
14
53
65

209
147
270
117
160
49
86
25
6
31
6
6
12
6
123
190
6
154
68
160
129
252
467
6
55
74
55
6
25
141
6
6
37
6
117
25
18
37
252
37
86
326
399

243
171
314
136
186
57
100
29
7
36
6
7
14
7
143
221
6
179
79
186
150
293
543
6
64
86
64
6
29
164
6
7
43
6
136
29
21
43
293
43
100
379
464

COVID-19 Cases by Zip Code
Zip

29682
29683
29684
29685
29686
29687
29689
29690
29691
29692
29693
29696
29697
29702
29704
29706
29707
29708
29709
29710
29712
29714
29715
29717
29718
29720
29726
29727
29728
29729
29730
29732
29741
29742
29743
29745
29801
29803
29805
29809
29810
29812
29817

Rep. Cases

Est. Cases

Total Cases

3
0
5
0
0
55
2
16
3
6
7
0
11
2
2
17
22
23
9
35
1
9
35
2
7
74
0
0
14
6
49
69
4
1
1
15
18
21
2
0
12
15
10

18
6
31
0
6
338
12
98
18
37
43
6
68
12
12
104
135
141
55
215
6
55
215
12
43
455
6
6
86
37
301
424
25
6
6
92
111
129
12
6
74
92
61

21
6
36
0
6
393
14
114
21
43
50
6
79
14
14
121
157
164
64
250
7
64
250
14
50
529
6
6
100
43
350
493
29
7
7
107
129
150
14
6
86
107
71

COVID-19 Cases by Zip Code
Zip

29819
29821
29824
29827
29828
29829
29831
29832
29835
29836
29838
29840
29841
29842
29843
29845
29847
29848
29849
29851
29853
29856
29860
29902
29904
29906
29907
29909
29910
29911
29912
29915
29916
29918
29920
29921
29922
29923
29924
29926
29927
29928
29929

Rep. Cases

Est. Cases

Total Cases

0
0
7
9
0
5
3
20
7
0
0
0
36
3
0
0
5
0
0
2
8
2
14
84
0
42
23
14
49
1
1
1
0
8
11
0
1
0
10
17
6
11
4

6
6
43
55
6
31
18
123
43
6
6
6
221
18
6
6
31
6
6
12
49
12
86
516
6
258
141
86
301
6
6
6
6
49
68
6
6
6
61
104
37
68
25

6
6
50
64
6
36
21
143
50
6
6
6
257
21
6
6
36
6
6
14
57
14
100
600
6
300
164
100
350
7
7
7
6
57
79
6
7
6
71
121
43
79
29

COVID-19 Cases by Zip Code
Zip

29932
29934
29935
29936
29940
29941
29943
29944
29945

Rep. Cases

Est. Cases

Total Cases

1
1
9
15
2
1
0
5
4

6
6
55
92
12
6
6
31
25

7
7
64
107
14
7
6
36
29

