COVID-19 Cases, by Zip Code
Reported Cases
0 Cases
1 - 5 Cases
6 - 15 Cases
16 - 40 Cases
>40 Cases

© OpenStreetMap

COVID-19 Cases by Zip Code
Zip

29001
29003
29006
29009
29010
29014
29015
29016
29018
29020
29030
29031
29032
29033
29036
29037
29038
29039
29040
29042
29044
29045
29047
29048
29051
29052
29053
29054
29055
29056
29058
29059
29061
29063
29065
29067
29069
29070
29072
29073
29074
29075
29078

Rep. Cases

Est. Cases

Total Cases

12
9
27
9
193
9
6
70
5
152
4
2
8
15
61
0
4
7
24
12
16
120
4
11
8
7
52
15
33
5
5
14
43
65
2
16
17
28
120
89
0
3
59

74
55
166
55
1,186
55
37
430
31
934
25
12
49
92
375
6
25
43
147
74
98
737
25
68
49
43
319
92
203
31
31
86
264
399
12
98
104
172
737
547
6
18
362

86
64
193
64
1,379
64
43
500
36
1,086
29
14
57
107
436
6
29
50
171
86
114
857
29
79
57
50
371
107
236
36
36
100
307
464
14
114
121
200
857
636
6
21
421

COVID-19 Cases by Zip Code
Zip

29080
29081
29082
29101
29102
29104
29105
29107
29108
29111
29112
29113
29114
29115
29118
29122
29123
29125
29126
29127
29128
29129
29130
29133
29135
29137
29138
29142
29145
29146
29148
29150
29152
29153
29154
29160
29161
29162
29163
29164
29166
29168
29169

Rep. Cases

Est. Cases

Total Cases

24
0
0
11
195
5
3
4
38
4
18
0
13
77
31
0
9
13
1
13
33
7
120
1
10
12
138
12
1
2
72
133
3
56
110
22
39
13
13
11
0
5
100

147
6
6
68
1,198
31
18
25
233
25
111
6
80
473
190
6
55
80
6
80
203
43
737
6
61
74
848
74
6
12
442
817
18
344
676
135
240
80
80
68
6
31
614

171
6
6
79
1,393
36
21
29
271
29
129
6
93
550
221
6
64
93
7
93
236
50
857
7
71
86
986
86
7
14
514
950
21
400
786
157
279
93
93
79
6
36
714

COVID-19 Cases by Zip Code
Zip

29170
29172
29175
29178
29180
29201
29203
29204
29205
29206
29207
29208
29209
29210
29212
29223
29229
29301
29302
29303
29306
29307
29316
29321
29322
29323
29325
29330
29332
29333
29334
29335
29340
29341
29346
29349
29351
29353
29355
29356
29360
29365
29369

Rep. Cases

Est. Cases

Total Cases

47
25
1
5
43
58
171
68
41
41
110
2
92
149
57
306
212
63
28
57
39
29
46
1
13
20
17
8
1
0
35
5
22
11
0
100
0
3
1
13
19
30
19

289
154
6
31
264
356
1,050
418
252
252
676
12
565
915
350
1,880
1,302
387
172
350
240
178
283
6
80
123
104
49
6
6
215
31
135
68
6
614
6
18
6
80
117
184
117

336
179
7
36
307
414
1,221
486
293
293
786
14
657
1,064
407
2,186
1,514
450
200
407
279
207
329
7
93
143
121
57
7
6
250
36
157
79
6
714
6
21
7
93
136
214
136

COVID-19 Cases by Zip Code
Zip

29370
29372
29374
29375
29376
29377
29379
29384
29385
29388
29401
29403
29404
29405
29406
29407
29409
29410
29412
29414
29418
29420
29424
29425
29426
29429
29431
29432
29434
29435
29436
29437
29438
29439
29440
29445
29446
29448
29449
29450
29451
29452
29453

Rep. Cases

Est. Cases

Total Cases

3
10
6
1
20
0
31
1
41
22
18
34
4
43
44
59
1
54
45
47
50
42
0
28
1
7
0
1
0
7
2
1
1
2
45
45
2
3
13
3
7
0
1

18
61
37
6
123
6
190
6
252
135
111
209
25
264
270
362
6
332
276
289
307
258
6
172
6
43
6
6
6
43
12
6
6
12
276
276
12
18
80
18
43
6
6

21
71
43
7
143
6
221
7
293
157
129
243
29
307
314
421
7
386
321
336
357
300
6
200
7
50
6
7
6
50
14
7
7
14
321
321
14
21
93
21
50
6
7

COVID-19 Cases by Zip Code
Zip

29455
29456
29458
29461
29464
29466
29468
29469
29470
29471
29472
29474
29475
29477
29479
29481
29482
29483
29485
29486
29487
29488
29492
29493
29501
29505
29506
29510
29511
29512
29516
29518
29519
29520
29525
29526
29527
29530
29532
29536
29540
29541
29543

Rep. Cases

Est. Cases

Total Cases

19
47
3
77
71
50
2
0
5
5
4
1
5
7
15
5
8
57
50
18
5
85
11
0
221
103
105
10
8
115
6
11
0
111
10
46
43
12
148
97
29
40
1

117
289
18
473
436
307
12
6
31
31
25
6
31
43
92
31
49
350
307
111
31
522
68
6
1,358
633
645
61
49
706
37
68
6
682
61
283
264
74
909
596
178
246
6

136
336
21
550
507
357
14
6
36
36
29
7
36
50
107
36
57
407
357
129
36
607
79
6
1,579
736
750
71
57
821
43
79
6
793
71
329
307
86
1,057
693
207
286
7

COVID-19 Cases by Zip Code
Zip

29544
29545
29546
29547
29550
29554
29555
29556
29560
29563
29564
29565
29566
29567
29568
29569
29570
29571
29572
29574
29575
29576
29577
29579
29580
29581
29582
29583
29584
29585
29588
29590
29591
29592
29593
29594
29596
29601
29605
29607
29609
29611
29615

Rep. Cases

Est. Cases

Total Cases

6
8
7
14
101
37
15
153
70
16
4
31
19
4
41
95
16
39
9
23
19
29
34
38
10
16
13
23
8
15
40
13
35
1
2
0
9
40
147
90
134
240
87

37
49
43
86
620
227
92
940
430
98
25
190
117
25
252
584
98
240
55
141
117
178
209
233
61
98
80
141
49
92
246
80
215
6
12
6
55
246
903
553
823
1,474
534

43
57
50
100
721
264
107
1,093
500
114
29
221
136
29
293
679
114
279
64
164
136
207
243
271
71
114
93
164
57
107
286
93
250
7
14
6
64
286
1,050
643
957
1,714
621

COVID-19 Cases by Zip Code
Zip

29617
29620
29621
29624
29625
29626
29627
29628
29630
29631
29634
29635
29638
29639
29640
29642
29643
29644
29645
29646
29649
29650
29651
29653
29654
29655
29657
29658
29661
29662
29664
29665
29666
29667
29669
29670
29671
29672
29673
29676
29678
29680
29681

Rep. Cases

Est. Cases

Total Cases

139
32
61
27
31
10
21
5
3
5
0
2
2
2
53
69
1
40
19
85
36
80
129
4
10
17
12
0
11
27
0
0
9
0
32
6
21
7
76
6
17
71
101

854
197
375
166
190
61
129
31
18
31
6
12
12
12
326
424
6
246
117
522
221
491
792
6
61
104
74
6
68
166
6
6
55
6
197
37
129
43
467
37
104
436
620

993
229
436
193
221
71
150
36
21
36
6
14
14
14
379
493
7
286
136
607
257
571
921
10
71
121
86
6
79
193
6
6
64
6
229
43
150
50
543
43
121
507
721

COVID-19 Cases by Zip Code
Zip

29682
29683
29684
29685
29686
29687
29689
29690
29691
29692
29693
29696
29697
29702
29704
29706
29707
29708
29709
29710
29712
29714
29715
29717
29718
29720
29726
29727
29728
29729
29730
29732
29741
29742
29743
29745
29801
29803
29805
29809
29810
29812
29817

Rep. Cases

Est. Cases

Total Cases

3
1
5
0
0
110
2
36
6
9
13
4
12
4
4
24
31
46
31
51
4
9
50
3
10
100
0
2
20
6
89
130
5
2
1
31
34
38
3
2
16
20
18

18
6
31
6
6
676
12
221
37
55
80
25
74
25
25
147
190
283
190
313
25
55
307
18
61
614
6
6
123
37
547
799
31
12
6
190
209
233
18
12
98
123
111

21
7
36
6
6
786
14
257
43
64
93
29
86
29
29
171
221
329
221
364
29
64
357
21
71
714
6
8
143
43
636
929
36
14
7
221
243
271
21
14
114
143
129

COVID-19 Cases by Zip Code
Zip

29819
29821
29824
29827
29828
29829
29831
29832
29835
29836
29838
29840
29841
29842
29843
29845
29847
29848
29849
29851
29853
29856
29860
29902
29904
29906
29907
29909
29910
29911
29912
29915
29916
29918
29920
29921
29922
29923
29924
29926
29927
29928
29929

Rep. Cases

Est. Cases

Total Cases

2
0
9
16
0
18
4
26
8
0
1
0
48
6
0
0
6
2
1
8
10
2
19
95
0
58
30
24
89
2
1
1
1
9
18
0
3
1
12
37
18
14
4

6
6
55
98
6
111
25
160
49
6
6
6
295
37
6
6
37
6
6
49
61
12
117
584
6
356
184
147
547
12
6
6
6
55
111
6
18
6
74
227
111
86
25

8
6
64
114
6
129
29
186
57
6
7
6
343
43
6
6
43
8
7
57
71
14
136
679
6
414
214
171
636
14
7
7
7
64
129
6
21
7
86
264
129
100
29

COVID-19 Cases by Zip Code
Zip

29932
29934
29935
29936
29940
29941
29943
29944
29945

Rep. Cases

Est. Cases

Total Cases

1
2
11
20
3
1
1
8
6

6
12
68
123
18
6
6
49
37

7
14
79
143
21
7
7
57
43

