COVID-19 Cases, by Zip Code
Reported Cases
0 Cases
1 - 5 Cases
6 - 15 Cases
16 - 40 Cases
>40 Cases

© OpenStreetMap

COVID-19 Cases by Zip Code
Zip

29001
29003
29006
29009
29010
29014
29015
29016
29018
29020
29030
29031
29032
29033
29036
29037
29038
29039
29040
29042
29044
29045
29047
29048
29051
29052
29053
29054
29055
29056
29058
29059
29061
29063
29065
29067
29069
29070
29072
29073
29074
29075
29078

Rep. Cases

Est. Cases

Total Cases

13
15
35
11
202
12
13
91
5
167
8
2
17
38
86
2
4
13
38
22
18
163
23
16
10
7
87
21
39
9
9
15
53
100
3
20
20
42
192
139
0
8
68

80
92
215
68
1,241
74
80
559
31
1,026
49
12
104
233
528
12
25
80
233
135
111
1,001
141
98
61
43
534
129
240
55
55
92
326
614
18
123
123
258
1,179
854
6
49
418

93
107
250
79
1,443
86
93
650
36
1,193
57
14
121
271
614
14
29
93
271
157
129
1,164
164
114
71
50
621
150
279
64
64
107
379
714
21
143
143
300
1,371
993
6
57
486

COVID-19 Cases by Zip Code
Zip

29080
29081
29082
29101
29102
29104
29105
29107
29108
29111
29112
29113
29114
29115
29118
29122
29123
29125
29126
29127
29128
29129
29130
29133
29135
29137
29138
29142
29145
29146
29148
29150
29152
29153
29154
29160
29161
29162
29163
29164
29166
29168
29169

Rep. Cases

Est. Cases

Total Cases

25
0
4
12
211
8
3
6
51
4
26
1
13
122
40
0
16
17
2
19
52
10
123
2
16
12
144
18
1
3
75
201
3
78
152
28
47
16
15
15
0
18
156

154
6
25
74
1,296
49
18
37
313
25
160
6
80
749
246
6
98
104
12
117
319
61
756
12
98
74
885
111
6
18
461
1,235
18
479
934
172
289
98
92
92
6
111
958

179
6
29
86
1,507
57
21
43
364
29
186
7
93
871
286
6
114
121
14
136
371
71
879
14
114
86
1,029
129
7
21
536
1,436
21
557
1,086
200
336
114
107
107
6
129
1,114

COVID-19 Cases by Zip Code
Zip

29170
29172
29175
29178
29180
29201
29203
29204
29205
29206
29207
29208
29209
29210
29212
29223
29229
29301
29302
29303
29306
29307
29316
29321
29322
29323
29325
29330
29332
29333
29334
29335
29340
29341
29346
29349
29351
29353
29355
29356
29360
29365
29369

Rep. Cases

Est. Cases

Total Cases

96
37
1
6
75
188
191
90
106
79
164
3
126
171
79
366
248
97
42
88
50
38
67
1
17
32
43
16
2
0
47
7
26
45
0
136
1
3
4
19
33
38
29

590
227
6
37
461
1,155
1,173
553
651
485
1,007
18
774
1,050
485
2,248
1,523
596
258
541
307
233
412
6
104
197
264
98
12
6
289
43
160
276
6
835
6
18
25
117
203
233
178

686
264
7
43
536
1,343
1,364
643
757
564
1,171
21
900
1,221
564
2,614
1,771
693
300
629
357
271
479
7
121
229
307
114
14
6
336
50
186
321
6
971
7
21
29
136
236
271
207

COVID-19 Cases by Zip Code
Zip

29370
29372
29374
29375
29376
29377
29379
29384
29385
29388
29401
29403
29404
29405
29406
29407
29409
29410
29412
29414
29418
29420
29424
29425
29426
29429
29431
29432
29434
29435
29436
29437
29438
29439
29440
29445
29446
29448
29449
29450
29451
29452
29453

Rep. Cases

Est. Cases

Total Cases

3
12
9
1
26
0
36
3
57
29
33
63
4
54
105
77
1
81
52
81
71
69
0
49
3
8
2
4
0
11
4
1
1
2
59
80
3
3
17
4
8
1
1

18
74
55
6
160
6
221
18
350
178
203
387
25
332
645
473
6
498
319
498
436
424
6
301
18
49
12
25
6
68
25
6
6
12
362
491
18
18
104
25
49
6
6

21
86
64
7
186
6
257
21
407
207
236
450
29
386
750
550
7
579
371
579
507
493
6
350
21
57
14
29
6
79
29
7
7
14
421
571
21
21
121
29
57
7
7

COVID-19 Cases by Zip Code
Zip

29455
29456
29458
29461
29464
29466
29468
29469
29470
29471
29472
29474
29475
29477
29479
29481
29482
29483
29485
29486
29487
29488
29492
29493
29501
29505
29506
29510
29511
29512
29516
29518
29519
29520
29525
29526
29527
29530
29532
29536
29540
29541
29543

Rep. Cases

Est. Cases

Total Cases

34
79
5
84
98
72
2
0
8
5
6
1
6
9
16
15
8
82
67
41
5
127
13
0
259
117
114
14
17
145
6
11
0
158
15
98
72
12
170
114
31
44
3

209
485
31
516
602
442
12
6
49
31
37
6
37
55
98
92
49
504
412
252
31
780
80
6
1,591
719
700
86
104
891
37
68
6
971
92
602
442
74
1,044
700
190
270
18

243
564
36
600
700
514
14
6
57
36
43
7
43
64
114
107
57
586
479
293
36
907
93
6
1,850
836
814
100
121
1,036
43
79
6
1,129
107
700
514
86
1,214
814
221
314
21

COVID-19 Cases by Zip Code
Zip

29544
29545
29546
29547
29550
29554
29555
29556
29560
29563
29564
29565
29566
29567
29568
29569
29570
29571
29572
29574
29575
29576
29577
29579
29580
29581
29582
29583
29584
29585
29588
29590
29591
29592
29593
29594
29596
29601
29605
29607
29609
29611
29615

Rep. Cases

Est. Cases

Total Cases

9
11
9
19
119
44
18
179
84
16
4
38
46
4
107
145
19
42
24
31
31
46
80
112
11
21
48
25
12
35
81
13
39
7
2
0
11
86
263
140
197
414
124

55
68
55
117
731
270
111
1,100
516
98
25
233
283
25
657
891
117
258
147
190
190
283
491
688
68
129
295
154
74
215
498
80
240
43
12
6
68
528
1,616
860
1,210
2,543
762

64
79
64
136
850
314
129
1,279
600
114
29
271
329
29
764
1,036
136
300
171
221
221
329
571
800
79
150
343
179
86
250
579
93
279
50
14
6
79
614
1,879
1,000
1,407
2,957
886

COVID-19 Cases by Zip Code
Zip

29617
29620
29621
29624
29625
29626
29627
29628
29630
29631
29634
29635
29638
29639
29640
29642
29643
29644
29645
29646
29649
29650
29651
29653
29654
29655
29657
29658
29661
29662
29664
29665
29666
29667
29669
29670
29671
29672
29673
29676
29678
29680
29681

Rep. Cases

Est. Cases

Total Cases

248
42
76
33
38
15
21
6
4
10
0
4
2
2
83
102
1
60
25
138
78
116
188
12
13
17
27
0
21
39
0
0
19
0
42
10
32
7
107
7
22
99
136

1,523
258
467
203
233
92
129
37
25
61
6
25
12
12
510
627
6
369
154
848
479
713
1,155
74
80
104
166
6
129
240
6
6
117
6
258
61
197
43
657
43
135
608
835

1,771
300
543
236
271
107
150
43
29
71
6
29
14
14
593
729
7
429
179
986
557
829
1,343
86
93
121
193
6
150
279
6
6
136
6
300
71
229
50
764
50
157
707
971

COVID-19 Cases by Zip Code
Zip

29682
29683
29684
29685
29686
29687
29689
29690
29691
29692
29693
29696
29697
29702
29704
29706
29707
29708
29709
29710
29712
29714
29715
29717
29718
29720
29726
29727
29728
29729
29730
29732
29741
29742
29743
29745
29801
29803
29805
29809
29810
29812
29817

Rep. Cases

Est. Cases

Total Cases

7
1
5
2
0
170
2
49
15
11
15
5
26
8
6
39
46
58
36
79
5
14
74
4
17
171
0
6
34
7
136
160
5
3
1
45
34
41
2
3
16
22
24

43
6
31
12
6
1,044
12
301
92
68
92
31
160
49
37
240
283
356
221
485
31
86
455
25
104
1,050
6
37
209
43
835
983
31
18
6
276
209
252
12
18
98
135
147

50
7
36
14
6
1,214
14
350
107
79
107
36
186
57
43
279
329
414
257
564
36
100
529
29
121
1,221
6
43
243
50
971
1,143
36
21
7
321
243
293
14
21
114
157
171

COVID-19 Cases by Zip Code
Zip

29819
29821
29824
29827
29828
29829
29831
29832
29835
29836
29838
29840
29841
29842
29843
29845
29847
29848
29849
29851
29853
29856
29860
29902
29904
29906
29907
29909
29910
29911
29912
29915
29916
29918
29920
29921
29922
29923
29924
29926
29927
29928
29929

Rep. Cases

Est. Cases

Total Cases

2
0
10
17
0
21
5
26
10
0
1
0
55
8
0
0
9
2
2
9
10
2
22
115
1
64
33
29
135
2
1
1
2
10
27
0
3
1
13
74
25
29
4

12
6
61
104
6
129
31
160
61
6
6
6
338
49
6
6
55
12
12
55
61
12
135
706
6
393
203
178
829
12
6
6
12
61
166
6
18
6
80
455
154
178
25

14
6
71
121
6
150
36
186
71
6
7
6
393
57
6
6
64
14
14
64
71
14
157
821
7
457
236
207
964
14
7
7
14
71
193
6
21
7
93
529
179
207
29

COVID-19 Cases by Zip Code
Zip

29932
29934
29935
29936
29940
29941
29943
29944
29945

Rep. Cases

Est. Cases

Total Cases

1
2
11
24
3
1
1
10
18

6
12
68
147
18
6
6
61
111

7
14
79
171
21
7
7
71
129

