COVID-19 Confirmed Cases, by Zip Code
Reported Cases
0 Cases
1 - 10 Cases
11 - 24 Cases
25-49 Cases
50-100 Cases
>100 Cases

© OpenStreetMap

COVID-19 Confirmed Cases, by Zip Code
Zip

29001
29003
29006
29009
29010
29014
29015
29016
29018
29020
29030
29031
29032
29033
29036
29037
29038
29039
29040
29042
29044
29045
29047
29048
29051
29052
29053
29054
29055
29056
29058
29059
29061
29063
29065
29067
29069
29070
29072
29073
29074
29075
29078

Rep. Cases

Est. Cases

Total Cases

16
32
41
13
213
14
19
115
13
209
22
2
22
65
104
2
11
14
50
30
23
199
50
18
12
9
117
37
45
11
10
22
64
141
3
32
22
55
305
196
0
12
94

98
197
252
80
1,308
86
117
706
80
1,284
135
12
135
399
639
12
68
86
307
184
141
1,222
307
111
74
55
719
227
276
68
61
135
393
866
18
197
135
338
1,874
1,204
6
74
577

114
229
293
93
1,521
100
136
821
93
1,493
157
14
157
464
743
14
79
100
357
214
164
1,421
357
129
86
64
836
264
321
79
71
157
457
1,007
21
229
157
393
2,179
1,400
6
86
671

COVID-19 Confirmed Cases, by Zip Code
Zip

29080
29081
29082
29101
29102
29104
29105
29107
29108
29111
29112
29113
29114
29115
29118
29122
29123
29125
29126
29127
29128
29129
29130
29133
29135
29137
29138
29142
29145
29146
29148
29150
29152
29153
29154
29160
29161
29162
29163
29164
29166
29168
29169

Rep. Cases

Est. Cases

Total Cases

31
1
5
14
226
8
3
13
71
5
38
1
13
193
64
0
20
26
6
25
73
11
125
3
43
14
167
33
2
3
80
284
3
109
194
34
58
20
20
18
0
19
210

190
6
31
86
1,388
49
18
80
436
31
233
6
80
1,186
393
6
123
160
37
154
448
68
768
18
264
86
1,026
203
12
18
491
1,745
18
670
1,192
209
356
123
123
111
6
117
1,290

221
7
36
100
1,614
57
21
93
507
36
271
7
93
1,379
457
6
143
186
43
179
521
79
893
21
307
100
1,193
236
14
21
571
2,029
21
779
1,386
243
414
143
143
129
6
136
1,500

COVID-19 Confirmed Cases, by Zip Code
Zip

29170
29172
29175
29178
29180
29201
29203
29204
29205
29206
29207
29208
29209
29210
29212
29223
29229
29301
29302
29303
29306
29307
29316
29321
29322
29323
29325
29330
29332
29333
29334
29335
29340
29341
29346
29349
29351
29353
29355
29356
29360
29365
29369

Rep. Cases

Est. Cases

Total Cases

143
52
1
8
97
264
223
113
163
115
199
4
165
213
105
437
309
136
66
140
61
55
87
3
21
42
98
27
4
1
73
8
33
58
0
159
4
6
7
25
70
48
45

878
319
6
49
596
1,622
1,370
694
1,001
706
1,222
25
1,014
1,308
645
2,684
1,898
835
405
860
375
338
534
18
129
258
602
166
25
6
448
49
203
356
6
977
25
37
43
154
430
295
276

1,021
371
7
57
693
1,886
1,593
807
1,164
821
1,421
29
1,179
1,521
750
3,121
2,207
971
471
1,000
436
393
621
21
150
300
700
193
29
7
521
57
236
414
6
1,136
29
43
50
179
500
343
321

COVID-19 Confirmed Cases, by Zip Code
Zip

29370
29372
29374
29375
29376
29377
29379
29384
29385
29388
29401
29403
29404
29405
29406
29407
29409
29410
29412
29414
29418
29420
29424
29425
29426
29429
29431
29432
29434
29435
29436
29437
29438
29439
29440
29445
29446
29448
29449
29450
29451
29452
29453

Rep. Cases

Est. Cases

Total Cases

4
16
16
1
29
0
45
6
69
49
54
280
6
111
212
130
2
133
128
120
125
111
0
0
6
17
4
11
0
16
7
5
4
8
99
186
3
4
27
6
12
2
2

25
98
98
6
178
6
276
37
424
301
332
1,720
37
682
1,302
799
12
817
786
737
768
682
6
6
37
104
25
68
6
98
43
31
25
49
608
1,143
18
25
166
37
74
12
12

29
114
114
7
207
6
321
43
493
350
386
2,000
43
793
1,514
929
14
950
914
857
893
793
6
6
43
121
29
79
6
114
50
36
29
57
707
1,329
21
29
193
43
86
14
14

COVID-19 Confirmed Cases, by Zip Code
Zip

29455
29456
29458
29461
29464
29466
29468
29469
29470
29471
29472
29474
29475
29477
29479
29481
29482
29483
29485
29486
29487
29488
29492
29493
29501
29505
29506
29510
29511
29512
29516
29518
29519
29520
29525
29526
29527
29530
29532
29536
29540
29541
29543

Rep. Cases

Est. Cases

Total Cases

84
108
13
116
190
118
3
2
15
5
8
2
9
14
24
24
12
134
109
65
7
171
31
2
313
144
133
28
25
167
7
13
2
164
20
230
117
20
182
118
37
47
9

516
663
80
713
1,167
725
18
12
92
31
49
12
55
86
147
147
74
823
670
399
43
1,050
190
12
1,923
885
817
172
154
1,026
43
80
12
1,007
123
1,413
719
123
1,118
725
227
289
55

600
771
93
829
1,357
843
21
14
107
36
57
14
64
100
171
171
86
957
779
464
50
1,221
221
14
2,236
1,029
950
200
179
1,193
50
93
14
1,171
143
1,643
836
143
1,300
843
264
336
64

COVID-19 Confirmed Cases, by Zip Code
Zip

29544
29545
29546
29547
29550
29554
29555
29556
29560
29563
29564
29565
29566
29567
29568
29569
29570
29571
29572
29574
29575
29576
29577
29579
29580
29581
29582
29583
29584
29585
29588
29590
29591
29592
29593
29594
29596
29601
29605
29607
29609
29611
29615

Rep. Cases

Est. Cases

Total Cases

12
13
9
25
132
84
22
193
100
16
4
47
124
6
166
182
24
69
68
60
82
104
206
278
11
25
113
30
14
89
190
14
44
8
3
0
15
127
370
198
269
555
174

74
80
55
154
811
516
135
1,186
614
98
25
289
762
37
1,020
1,118
147
424
418
369
504
639
1,265
1,708
68
154
694
184
86
547
1,167
86
270
49
18
6
92
780
2,273
1,216
1,652
3,409
1,069

86
93
64
179
943
600
157
1,379
714
114
29
336
886
43
1,186
1,300
171
493
486
429
586
743
1,471
1,986
79
179
807
214
100
636
1,357
100
314
57
21
6
107
907
2,643
1,414
1,921
3,964
1,243

COVID-19 Confirmed Cases, by Zip Code
Zip

29617
29620
29621
29624
29625
29626
29627
29628
29630
29631
29634
29635
29638
29639
29640
29642
29643
29644
29645
29646
29649
29650
29651
29653
29654
29655
29657
29658
29661
29662
29664
29665
29666
29667
29669
29670
29671
29672
29673
29676
29678
29680
29681

Rep. Cases

Est. Cases

Total Cases

354
51
103
39
59
28
34
6
24
71
11
5
2
2
152
137
1
78
37
201
127
187
258
18
21
17
39
0
31
58
0
0
20
0
53
16
52
12
154
8
45
133
208

2,175
313
633
240
362
172
209
37
147
436
68
31
12
12
934
842
6
479
227
1,235
780
1,149
1,585
111
129
104
240
6
190
356
6
6
123
6
326
98
319
74
946
49
276
817
1,278

2,529
364
736
279
421
200
243
43
171
507
79
36
14
14
1,086
979
7
557
264
1,436
907
1,336
1,843
129
150
121
279
6
221
414
6
6
143
6
379
114
371
86
1,100
57
321
950
1,486

COVID-19 Confirmed Cases, by Zip Code
Zip

29682
29683
29684
29685
29686
29687
29689
29690
29691
29692
29693
29696
29697
29702
29704
29706
29707
29708
29709
29710
29712
29714
29715
29717
29718
29720
29726
29727
29728
29729
29730
29732
29741
29742
29743
29745
29801
29803
29805
29809
29810
29812
29817

Rep. Cases

Est. Cases

Total Cases

10
1
6
3
0
246
6
68
29
14
22
6
48
9
9
49
63
83
39
106
8
16
99
5
20
238
1
6
46
10
194
209
7
4
2
79
41
49
3
3
21
23
27

61
6
37
18
6
1,511
37
418
178
86
135
37
295
55
55
301
387
510
240
651
49
98
608
31
123
1,462
6
37
283
61
1,192
1,284
43
25
12
485
252
301
18
18
129
141
166

71
7
43
21
6
1,757
43
486
207
100
157
43
343
64
64
350
450
593
279
757
57
114
707
36
143
1,700
7
43
329
71
1,386
1,493
50
29
14
564
293
350
21
21
150
164
193

COVID-19 Confirmed Cases, by Zip Code
Zip

29819
29821
29824
29827
29828
29829
29831
29832
29835
29836
29838
29840
29841
29842
29843
29845
29847
29848
29849
29851
29853
29856
29860
29902
29904
29906
29907
29909
29910
29911
29912
29915
29916
29918
29920
29921
29922
29923
29924
29926
29927
29928
29929

Rep. Cases

Est. Cases

Total Cases

2
0
13
17
0
23
5
27
10
0
1
0
75
10
0
0
12
3
2
10
11
2
27
182
1
90
38
46
227
2
1
1
2
10
37
0
3
1
17
121
39
53
5

12
6
80
104
6
141
31
166
61
6
6
6
461
61
6
6
74
18
12
61
68
12
166
1,118
6
553
233
283
1,394
12
6
6
12
61
227
6
18
6
104
743
240
326
31

14
6
93
121
6
164
36
193
71
6
7
6
536
71
6
6
86
21
14
71
79
14
193
1,300
7
643
271
329
1,621
14
7
7
14
71
264
6
21
7
121
864
279
379
36

COVID-19 Confirmed Cases, by Zip Code
Zip

29932
29934
29935
29936
29940
29941
29943
29944
29945

Rep. Cases

Est. Cases

Total Cases

1
3
14
32
6
1
1
10
21

6
18
86
197
37
6
6
61
129

7
21
100
229
43
7
7
71
150

