COVID-19 Cases, by Zip Code
Reported Cases
0 Cases
1 - 5 Cases
6 - 15 Cases
16 - 40 Cases
>40 Cases

© OpenStreetMap

COVID-19 Cases by Zip Code
Zip

29001
29003
29006
29009
29010
29014
29015
29016
29018
29020
29030
29031
29032
29033
29036
29037
29038
29039
29040
29042
29044
29045
29047
29048
29051
29052
29053
29054
29055
29056
29058
29059
29061
29063
29065
29067
29069
29070
29072
29073
29074
29075
29078

Rep. Cases

Est. Cases

Total Cases

12
9
27
9
193
9
6
70
5
152
4
2
9
15
62
0
4
8
25
13
17
120
6
11
8
7
55
16
34
5
5
14
43
66
2
15
17
28
121
90
0
3
59

74
55
166
55
1,186
55
37
430
31
934
25
12
55
92
381
6
25
49
154
80
104
737
37
68
49
43
338
98
209
31
31
86
264
405
12
92
104
172
743
553
6
18
362

86
64
193
64
1,379
64
43
500
36
1,086
29
14
64
107
443
6
29
57
179
93
121
857
43
79
57
50
393
114
243
36
36
100
307
471
14
107
121
200
864
643
6
21
421

COVID-19 Cases by Zip Code
Zip

29080
29081
29082
29101
29102
29104
29105
29107
29108
29111
29112
29113
29114
29115
29118
29122
29123
29125
29126
29127
29128
29129
29130
29133
29135
29137
29138
29142
29145
29146
29148
29150
29152
29153
29154
29160
29161
29162
29163
29164
29166
29168
29169

Rep. Cases

Est. Cases

Total Cases

24
0
0
12
195
5
3
4
38
4
18
0
13
80
32
0
9
13
1
14
33
7
119
1
10
12
138
12
1
2
72
138
3
57
110
23
40
13
13
11
0
6
102

147
6
6
74
1,198
31
18
25
233
25
111
6
80
491
197
6
55
80
6
86
203
43
731
6
61
74
848
74
6
12
442
848
18
350
676
141
246
80
80
68
6
37
627

171
6
6
86
1,393
36
21
29
271
29
129
6
93
571
229
6
64
93
7
100
236
50
850
7
71
86
986
86
7
14
514
986
21
407
786
164
286
93
93
79
6
43
729

COVID-19 Cases by Zip Code
Zip

29170
29172
29175
29178
29180
29201
29203
29204
29205
29206
29207
29208
29209
29210
29212
29223
29229
29301
29302
29303
29306
29307
29316
29321
29322
29323
29325
29330
29332
29333
29334
29335
29340
29341
29346
29349
29351
29353
29355
29356
29360
29365
29369

Rep. Cases

Est. Cases

Total Cases

51
25
1
5
44
59
171
71
42
42
110
2
93
150
59
307
211
63
29
57
39
29
48
1
13
20
17
8
1
0
36
5
22
12
0
102
0
3
1
13
20
30
19

313
154
6
31
270
362
1,050
436
258
258
676
12
571
921
362
1,886
1,296
387
178
350
240
178
295
6
80
123
104
49
6
6
221
31
135
74
6
627
6
18
6
80
123
184
117

364
179
7
36
314
421
1,221
507
300
300
786
14
664
1,071
421
2,193
1,507
450
207
407
279
207
343
7
93
143
121
57
7
6
257
36
157
86
6
729
6
21
7
93
143
214
136

COVID-19 Cases by Zip Code
Zip

29370
29372
29374
29375
29376
29377
29379
29384
29385
29388
29401
29403
29404
29405
29406
29407
29409
29410
29412
29414
29418
29420
29424
29425
29426
29429
29431
29432
29434
29435
29436
29437
29438
29439
29440
29445
29446
29448
29449
29450
29451
29452
29453

Rep. Cases

Est. Cases

Total Cases

3
10
6
1
20
0
33
1
41
22
18
34
4
43
49
63
1
55
44
48
51
43
0
27
1
7
0
2
0
6
2
1
1
2
46
45
2
3
13
3
7
0
1

18
61
37
6
123
6
203
6
252
135
111
209
25
264
301
387
6
338
270
295
313
264
6
166
6
43
6
12
6
37
12
6
6
12
283
276
12
18
80
18
43
6
6

21
71
43
7
143
6
236
7
293
157
129
243
29
307
350
450
7
393
314
343
364
307
6
193
7
50
6
14
6
43
14
7
7
14
329
321
14
21
93
21
50
6
7

COVID-19 Cases by Zip Code
Zip

29455
29456
29458
29461
29464
29466
29468
29469
29470
29471
29472
29474
29475
29477
29479
29481
29482
29483
29485
29486
29487
29488
29492
29493
29501
29505
29506
29510
29511
29512
29516
29518
29519
29520
29525
29526
29527
29530
29532
29536
29540
29541
29543

Rep. Cases

Est. Cases

Total Cases

19
47
3
77
73
53
2
0
5
5
4
1
5
7
15
5
8
61
51
22
5
89
11
0
223
103
105
10
8
120
6
11
0
113
12
46
44
12
154
99
29
39
1

117
289
18
473
448
326
12
6
31
31
25
6
31
43
92
31
49
375
313
135
31
547
68
6
1,370
633
645
61
49
737
37
68
6
694
74
283
270
74
946
608
178
240
6

136
336
21
550
521
379
14
6
36
36
29
7
36
50
107
36
57
436
364
157
36
636
79
6
1,593
736
750
71
57
857
43
79
6
807
86
329
314
86
1,100
707
207
279
7

COVID-19 Cases by Zip Code
Zip

29544
29545
29546
29547
29550
29554
29555
29556
29560
29563
29564
29565
29566
29567
29568
29569
29570
29571
29572
29574
29575
29576
29577
29579
29580
29581
29582
29583
29584
29585
29588
29590
29591
29592
29593
29594
29596
29601
29605
29607
29609
29611
29615

Rep. Cases

Est. Cases

Total Cases

6
8
7
14
104
37
15
160
71
16
4
31
19
4
43
99
17
39
11
24
21
30
35
38
10
17
17
23
8
15
40
13
35
3
2
0
9
40
163
90
138
259
88

37
49
43
86
639
227
92
983
436
98
25
190
117
25
264
608
104
240
68
147
129
184
215
233
61
104
104
141
49
92
246
80
215
18
12
6
55
246
1,001
553
848
1,591
541

43
57
50
100
743
264
107
1,143
507
114
29
221
136
29
307
707
121
279
79
171
150
214
250
271
71
121
121
164
57
107
286
93
250
21
14
6
64
286
1,164
643
986
1,850
629

COVID-19 Cases by Zip Code
Zip

29617
29620
29621
29624
29625
29626
29627
29628
29630
29631
29634
29635
29638
29639
29640
29642
29643
29644
29645
29646
29649
29650
29651
29653
29654
29655
29657
29658
29661
29662
29664
29665
29666
29667
29669
29670
29671
29672
29673
29676
29678
29680
29681

Rep. Cases

Est. Cases

Total Cases

146
33
62
27
31
10
21
5
3
5
0
2
2
2
57
77
1
40
19
86
36
84
131
5
10
17
12
0
12
29
0
0
9
0
32
6
22
7
78
6
17
73
106

897
203
381
166
190
61
129
31
18
31
6
12
12
12
350
473
6
246
117
528
221
516
805
6
61
104
74
6
74
178
6
6
55
6
197
37
135
43
479
37
104
448
651

1,043
236
443
193
221
71
150
36
21
36
6
14
14
14
407
550
7
286
136
614
257
600
936
11
71
121
86
6
86
207
6
6
64
6
229
43
157
50
557
43
121
521
757

COVID-19 Cases by Zip Code
Zip

29682
29683
29684
29685
29686
29687
29689
29690
29691
29692
29693
29696
29697
29702
29704
29706
29707
29708
29709
29710
29712
29714
29715
29717
29718
29720
29726
29727
29728
29729
29730
29732
29741
29742
29743
29745
29801
29803
29805
29809
29810
29812
29817

Rep. Cases

Est. Cases

Total Cases

3
1
5
0
0
113
2
37
6
9
14
4
12
4
4
25
33
47
30
52
4
11
51
3
11
117
0
2
21
6
90
129
5
2
1
31
34
38
3
2
16
20
18

18
6
31
6
6
694
12
227
37
55
86
25
74
25
25
154
203
289
184
319
25
68
313
18
68
719
6
6
129
37
553
792
31
12
6
190
209
233
18
12
98
123
111

21
7
36
6
6
807
14
264
43
64
100
29
86
29
29
179
236
336
214
371
29
79
364
21
79
836
6
8
150
43
643
921
36
14
7
221
243
271
21
14
114
143
129

COVID-19 Cases by Zip Code
Zip

29819
29821
29824
29827
29828
29829
29831
29832
29835
29836
29838
29840
29841
29842
29843
29845
29847
29848
29849
29851
29853
29856
29860
29902
29904
29906
29907
29909
29910
29911
29912
29915
29916
29918
29920
29921
29922
29923
29924
29926
29927
29928
29929

Rep. Cases

Est. Cases

Total Cases

2
0
9
16
0
18
4
26
8
0
1
0
48
7
0
0
6
2
1
9
10
2
19
96
0
59
30
24
94
2
1
1
1
9
19
0
3
1
12
38
19
14
4

6
6
55
98
6
111
25
160
49
6
6
6
295
43
6
6
37
6
6
55
61
12
117
590
6
362
184
147
577
12
6
6
6
55
117
6
18
6
74
233
117
86
25

8
6
64
114
6
129
29
186
57
6
7
6
343
50
6
6
43
8
7
64
71
14
136
686
6
421
214
171
671
14
7
7
7
64
136
6
21
7
86
271
136
100
29

COVID-19 Cases by Zip Code
Zip

29932
29934
29935
29936
29940
29941
29943
29944
29945

Rep. Cases

Est. Cases

Total Cases

1
2
11
20
3
1
1
8
6

6
12
68
123
18
6
6
49
37

7
14
79
143
21
7
7
57
43

