COVID-19 Cases, by Zip Code
Reported Cases
0 Cases
1 - 5 Cases
6 - 15 Cases
16 - 40 Cases
>40 Cases

© OpenStreetMap

COVID-19 Cases by Zip Code
Zip

29001
29003
29006
29009
29010
29014
29015
29016
29018
29020
29030
29031
29032
29033
29036
29037
29038
29039
29040
29042
29044
29045
29047
29048
29051
29052
29053
29054
29055
29056
29058
29059
29061
29063
29065
29067
29069
29070
29072
29073
29074
29075
29078

Rep. Cases

Est. Cases

Total Cases

11
6
23
6
152
2
3
57
1
137
1
1
7
12
56
0
4
5
18
11
15
84
3
10
5
6
42
11
7
3
4
13
39
56
1
12
13
27
96
69
0
3
51

68
37
141
37
934
12
18
350
6
842
6
6
43
74
344
6
25
31
111
68
92
516
18
61
31
37
258
68
43
18
25
80
240
344
6
74
80
166
590
424
6
18
313

79
43
164
43
1,086
14
21
407
7
979
7
7
50
86
400
6
29
36
129
79
107
600
21
71
36
43
300
79
50
21
29
93
279
400
7
86
93
193
686
493
6
21
364

COVID-19 Cases by Zip Code
Zip

29080
29081
29082
29101
29102
29104
29105
29107
29108
29111
29112
29113
29114
29115
29118
29122
29123
29125
29126
29127
29128
29129
29130
29133
29135
29137
29138
29142
29145
29146
29148
29150
29152
29153
29154
29160
29161
29162
29163
29164
29166
29168
29169

Rep. Cases

Est. Cases

Total Cases

18
0
0
8
183
4
2
4
14
4
16
0
11
28
15
0
6
13
1
9
30
7
99
1
7
10
118
8
1
2
69
102
3
46
100
16
35
12
9
7
0
5
82

111
6
6
49
1,124
25
12
25
86
25
98
6
68
172
92
6
37
80
6
55
184
43
608
6
43
61
725
49
6
12
424
627
18
283
614
98
215
74
55
43
6
31
504

129
6
6
57
1,307
29
14
29
100
29
114
6
79
200
107
6
43
93
7
64
214
50
707
7
50
71
843
57
7
14
493
729
21
329
714
114
250
86
64
50
6
36
586

COVID-19 Cases by Zip Code
Zip

29170
29172
29175
29178
29180
29201
29203
29204
29205
29206
29207
29208
29209
29210
29212
29223
29229
29301
29302
29303
29306
29307
29316
29321
29322
29323
29325
29330
29332
29333
29334
29335
29340
29341
29346
29349
29351
29353
29355
29356
29360
29365
29369

Rep. Cases

Est. Cases

Total Cases

31
23
1
4
30
34
144
59
29
31
95
2
81
128
44
250
195
34
18
25
34
15
37
1
10
19
14
4
1
0
26
4
13
8
0
44
0
1
1
7
17
26
15

190
141
6
25
184
209
885
362
178
190
584
12
498
786
270
1,536
1,198
209
111
154
209
92
227
6
61
117
86
25
6
6
160
25
80
49
6
270
6
6
6
43
104
160
92

221
164
7
29
214
243
1,029
421
207
221
679
14
579
914
314
1,786
1,393
243
129
179
243
107
264
7
71
136
100
29
7
6
186
29
93
57
6
314
6
7
7
50
121
186
107

COVID-19 Cases by Zip Code
Zip

29370
29372
29374
29375
29376
29377
29379
29384
29385
29388
29401
29403
29404
29405
29406
29407
29409
29410
29412
29414
29418
29420
29424
29425
29426
29429
29431
29432
29434
29435
29436
29437
29438
29439
29440
29445
29446
29448
29449
29450
29451
29452
29453

Rep. Cases

Est. Cases

Total Cases

2
10
5
2
16
0
28
1
32
19
14
31
2
42
30
44
1
50
45
40
35
30
0
13
1
6
0
1
0
4
2
1
1
2
27
39
2
2
11
3
7
0
1

12
61
31
12
98
6
172
6
197
117
86
190
12
258
184
270
6
307
276
246
215
184
6
80
6
37
6
6
6
25
12
6
6
12
166
240
12
12
68
18
43
6
6

14
71
36
14
114
6
200
7
229
136
100
221
14
300
214
314
7
357
321
286
250
214
6
93
7
43
6
7
6
29
14
7
7
14
193
279
14
14
79
21
50
6
7

COVID-19 Cases by Zip Code
Zip

29455
29456
29458
29461
29464
29466
29468
29469
29470
29471
29472
29474
29475
29477
29479
29481
29482
29483
29485
29486
29487
29488
29492
29493
29501
29505
29506
29510
29511
29512
29516
29518
29519
29520
29525
29526
29527
29530
29532
29536
29540
29541
29543

Rep. Cases

Est. Cases

Total Cases

15
25
3
73
68
45
2
0
4
2
3
0
4
5
11
2
7
39
38
12
5
43
11
0
170
86
92
9
7
64
6
4
0
56
5
34
33
11
101
79
18
34
1

92
154
18
448
418
276
12
6
25
12
18
6
25
31
68
12
43
240
233
74
31
264
68
6
1,044
528
565
55
43
393
37
25
6
344
31
209
203
68
620
485
111
209
6

107
179
21
521
486
321
14
6
29
14
21
6
29
36
79
14
50
279
271
86
36
307
79
6
1,214
614
657
64
50
457
43
29
6
400
36
243
236
79
721
564
129
243
7

COVID-19 Cases by Zip Code
Zip

29544
29545
29546
29547
29550
29554
29555
29556
29560
29563
29564
29565
29566
29567
29568
29569
29570
29571
29572
29574
29575
29576
29577
29579
29580
29581
29582
29583
29584
29585
29588
29590
29591
29592
29593
29594
29596
29601
29605
29607
29609
29611
29615

Rep. Cases

Est. Cases

Total Cases

5
3
4
9
92
32
12
115
52
14
3
26
15
4
25
42
3
34
6
18
15
25
29
23
10
11
9
21
3
14
36
11
27
1
2
0
2
35
98
62
103
117
55

31
18
25
55
565
197
74
706
319
86
18
160
92
25
154
258
18
209
37
111
92
154
178
141
61
68
55
129
18
86
221
68
166
6
12
6
12
215
602
381
633
719
338

36
21
29
64
657
229
86
821
371
100
21
186
107
29
179
300
21
243
43
129
107
179
207
164
71
79
64
150
21
100
257
79
193
7
14
6
14
250
700
443
736
836
393

COVID-19 Cases by Zip Code
Zip

29617
29620
29621
29624
29625
29626
29627
29628
29630
29631
29634
29635
29638
29639
29640
29642
29643
29644
29645
29646
29649
29650
29651
29653
29654
29655
29657
29658
29661
29662
29664
29665
29666
29667
29669
29670
29671
29672
29673
29676
29678
29680
29681

Rep. Cases

Est. Cases

Total Cases

84
25
52
25
28
9
14
4
1
5
0
2
2
1
32
44
0
28
17
30
25
49
97
0
8
14
9
0
5
24
0
0
7
0
24
5
6
7
50
5
15
64
78

516
154
319
154
172
55
86
25
6
31
6
12
12
6
197
270
6
172
104
184
154
301
596
6
49
86
55
6
31
147
6
6
43
6
147
31
37
43
307
31
92
393
479

600
179
371
179
200
64
100
29
7
36
6
14
14
7
229
314
6
200
121
214
179
350
693
6
57
100
64
6
36
171
6
6
50
6
171
36
43
50
357
36
107
457
557

COVID-19 Cases by Zip Code
Zip

29682
29683
29684
29685
29686
29687
29689
29690
29691
29692
29693
29696
29697
29702
29704
29706
29707
29708
29709
29710
29712
29714
29715
29717
29718
29720
29726
29727
29728
29729
29730
29732
29741
29742
29743
29745
29801
29803
29805
29809
29810
29812
29817

Rep. Cases

Est. Cases

Total Cases

3
0
5
0
0
70
2
28
3
7
10
1
12
3
2
19
28
34
10
42
1
7
41
2
7
73
0
0
16
6
65
105
4
1
1
19
25
31
2
1
15
19
13

18
6
31
6
6
430
12
172
18
43
61
6
74
18
12
117
172
209
61
258
6
43
252
12
43
448
6
6
98
37
399
645
25
6
6
117
154
190
12
6
92
117
80

21
6
36
6
6
500
14
200
21
50
71
7
86
21
14
136
200
243
71
300
7
50
293
14
50
521
6
6
114
43
464
750
29
7
7
136
179
221
14
7
107
136
93

COVID-19 Cases by Zip Code
Zip

29819
29821
29824
29827
29828
29829
29831
29832
29835
29836
29838
29840
29841
29842
29843
29845
29847
29848
29849
29851
29853
29856
29860
29902
29904
29906
29907
29909
29910
29911
29912
29915
29916
29918
29920
29921
29922
29923
29924
29926
29927
29928
29929

Rep. Cases

Est. Cases

Total Cases

0
0
8
13
0
11
4
23
7
0
0
0
46
5
0
0
5
0
0
5
9
2
17
92
0
49
24
14
53
2
1
1
0
9
15
0
2
0
10
21
8
13
4

6
6
49
80
6
68
25
141
43
6
6
6
283
31
6
6
31
6
6
31
55
12
104
565
6
301
147
86
326
12
6
6
6
55
92
6
12
6
61
129
49
80
25

6
6
57
93
6
79
29
164
50
6
6
6
329
36
6
6
36
6
6
36
64
14
121
657
6
350
171
100
379
14
7
7
6
64
107
6
14
6
71
150
57
93
29

COVID-19 Cases by Zip Code
Zip

29932
29934
29935
29936
29940
29941
29943
29944
29945

Rep. Cases

Est. Cases

Total Cases

1
1
10
16
2
1
1
5
4

6
6
61
98
12
6
6
31
25

7
7
71
114
14
7
7
36
29

