COVID-19 Confirmed Cases, by Zip Code
Reported Cases
0 Cases
1 - 10 Cases
11 - 24 Cases
25-49 Cases
50-100 Cases
>100 Cases

© OpenStreetMap

COVID-19 Confirmed Cases, by Zip Code
Zip

29001
29003
29006
29009
29010
29014
29015
29016
29018
29020
29030
29031
29032
29033
29036
29037
29038
29039
29040
29042
29044
29045
29047
29048
29051
29052
29053
29054
29055
29056
29058
29059
29061
29063
29065
29067
29069
29070
29072
29073
29074
29075
29078

Rep. Cases

Est. Cases

Total Cases

19
40
50
12
227
16
21
132
20
237
23
2
26
82
134
2
11
18
69
35
33
229
57
21
12
15
147
51
47
13
14
32
78
180
4
39
26
68
365
244
0
19
116

117
246
307
74
1,394
98
129
811
123
1,456
141
12
160
504
823
12
68
111
424
215
203
1,407
350
129
74
92
903
313
289
80
86
197
479
1,106
25
240
160
418
2,242
1,499
6
117
713

136
286
357
86
1,621
114
150
943
143
1,693
164
14
186
586
957
14
79
129
493
250
236
1,636
407
150
86
107
1,050
364
336
93
100
229
557
1,286
29
279
186
486
2,607
1,743
6
136
829

COVID-19 Confirmed Cases, by Zip Code
Zip

29080
29081
29082
29101
29102
29104
29105
29107
29108
29111
29112
29113
29114
29115
29118
29122
29123
29125
29126
29127
29128
29129
29130
29133
29135
29137
29138
29142
29145
29146
29148
29150
29152
29153
29154
29160
29161
29162
29163
29164
29166
29168
29169

Rep. Cases

Est. Cases

Total Cases

34
6
6
16
243
11
6
17
113
7
42
2
14
250
85
0
22
29
10
30
89
11
130
9
50
16
182
40
1
4
87
356
3
136
255
44
69
31
23
19
1
25
243

209
37
37
98
1,493
68
37
104
694
43
258
12
86
1,536
522
6
135
178
61
184
547
68
799
55
307
98
1,118
246
6
25
534
2,187
18
835
1,566
270
424
190
141
117
6
154
1,493

243
43
43
114
1,736
79
43
121
807
50
300
14
100
1,786
607
6
157
207
71
214
636
79
929
64
357
114
1,300
286
7
29
621
2,543
21
971
1,821
314
493
221
164
136
7
179
1,736

COVID-19 Confirmed Cases, by Zip Code
Zip

29170
29172
29175
29178
29180
29201
29203
29204
29205
29206
29207
29208
29209
29210
29212
29223
29229
29301
29302
29303
29306
29307
29316
29321
29322
29323
29325
29330
29332
29333
29334
29335
29340
29341
29346
29349
29351
29353
29355
29356
29360
29365
29369

Rep. Cases

Est. Cases

Total Cases

168
58
1
8
112
303
264
143
188
143
236
5
212
271
128
493
346
164
82
139
68
63
111
5
25
65
150
35
7
1
86
12
40
71
1
180
5
8
8
31
108
57
54

1,032
356
6
49
688
1,861
1,622
878
1,155
878
1,450
31
1,302
1,665
786
3,028
2,125
1,007
504
854
418
387
682
31
154
399
921
215
43
6
528
74
246
436
6
1,106
31
49
49
190
663
350
332

1,200
414
7
57
800
2,164
1,886
1,021
1,343
1,021
1,686
36
1,514
1,936
914
3,521
2,471
1,171
586
993
486
450
793
36
179
464
1,071
250
50
7
614
86
286
507
7
1,286
36
57
57
221
771
407
386

COVID-19 Confirmed Cases, by Zip Code
Zip

29370
29372
29374
29375
29376
29377
29379
29384
29385
29388
29401
29403
29404
29405
29406
29407
29409
29410
29412
29414
29418
29420
29424
29425
29426
29429
29431
29432
29434
29435
29436
29437
29438
29439
29440
29445
29446
29448
29449
29450
29451
29452
29453

Rep. Cases

Est. Cases

Total Cases

4
24
20
1
33
0
56
10
75
55
107
492
8
194
285
239
1
173
260
206
194
156
0
0
7
30
6
14
0
26
9
5
5
12
158
278
4
6
47
9
21
3
3

25
147
123
6
203
6
344
61
461
338
657
3,022
49
1,192
1,751
1,468
6
1,063
1,597
1,265
1,192
958
6
6
43
184
37
86
6
160
55
31
31
74
971
1,708
25
37
289
55
129
18
18

29
171
143
7
236
6
400
71
536
393
764
3,514
57
1,386
2,036
1,707
7
1,236
1,857
1,471
1,386
1,114
6
6
50
214
43
100
6
186
64
36
36
86
1,129
1,986
29
43
336
64
150
21
21

COVID-19 Confirmed Cases, by Zip Code
Zip

29455
29456
29458
29461
29464
29466
29468
29469
29470
29471
29472
29474
29475
29477
29479
29481
29482
29483
29485
29486
29487
29488
29492
29493
29501
29505
29506
29510
29511
29512
29516
29518
29519
29520
29525
29526
29527
29530
29532
29536
29540
29541
29543

Rep. Cases

Est. Cases

Total Cases

155
164
17
159
363
194
5
4
26
5
15
2
12
16
26
29
17
184
167
98
10
199
69
2
383
185
155
42
34
187
7
13
5
175
23
345
155
23
190
134
40
55
12

952
1,007
104
977
2,230
1,192
31
25
160
31
92
12
74
98
160
178
104
1,130
1,026
602
61
1,222
424
12
2,353
1,136
952
258
209
1,149
43
80
31
1,075
141
2,119
952
141
1,167
823
246
338
74

1,107
1,171
121
1,136
2,593
1,386
36
29
186
36
107
14
86
114
186
207
121
1,314
1,193
700
71
1,421
493
14
2,736
1,321
1,107
300
243
1,336
50
93
36
1,250
164
2,464
1,107
164
1,357
957
286
393
86

COVID-19 Confirmed Cases, by Zip Code
Zip

29544
29545
29546
29547
29550
29554
29555
29556
29560
29563
29564
29565
29566
29567
29568
29569
29570
29571
29572
29574
29575
29576
29577
29579
29580
29581
29582
29583
29584
29585
29588
29590
29591
29592
29593
29594
29596
29601
29605
29607
29609
29611
29615

Rep. Cases

Est. Cases

Total Cases

28
14
12
27
156
102
24
207
121
23
5
55
179
7
206
211
28
81
99
71
124
189
301
410
12
28
174
31
15
121
332
18
46
8
3
0
16
157
443
273
324
644
246

172
86
74
166
958
627
147
1,272
743
141
31
338
1,100
43
1,265
1,296
172
498
608
436
762
1,161
1,849
2,519
74
172
1,069
190
92
743
2,039
111
283
49
18
6
98
964
2,721
1,677
1,990
3,956
1,511

200
100
86
193
1,114
729
171
1,479
864
164
36
393
1,279
50
1,471
1,507
200
579
707
507
886
1,350
2,150
2,929
86
200
1,243
221
107
864
2,371
129
329
57
21
6
114
1,121
3,164
1,950
2,314
4,600
1,757

COVID-19 Confirmed Cases, by Zip Code
Zip

29617
29620
29621
29624
29625
29626
29627
29628
29630
29631
29634
29635
29638
29639
29640
29642
29643
29644
29645
29646
29649
29650
29651
29653
29654
29655
29657
29658
29661
29662
29664
29665
29666
29667
29669
29670
29671
29672
29673
29676
29678
29680
29681

Rep. Cases

Est. Cases

Total Cases

430
54
130
50
76
36
43
10
59
157
15
5
2
2
191
185
4
102
48
249
147
240
311
26
26
18
54
0
39
72
1
0
24
0
63
23
68
20
185
14
85
174
287

2,641
332
799
307
467
221
264
61
362
964
92
31
12
12
1,173
1,136
25
627
295
1,530
903
1,474
1,910
160
160
111
332
6
240
442
6
6
147
6
387
141
418
123
1,136
86
522
1,069
1,763

3,071
386
929
357
543
257
307
71
421
1,121
107
36
14
14
1,364
1,321
29
729
343
1,779
1,050
1,714
2,221
186
186
129
386
6
279
514
7
6
171
6
450
164
486
143
1,321
100
607
1,243
2,050

COVID-19 Confirmed Cases, by Zip Code
Zip

29682
29683
29684
29685
29686
29687
29689
29690
29691
29692
29693
29696
29697
29702
29704
29706
29707
29708
29709
29710
29712
29714
29715
29717
29718
29720
29726
29727
29728
29729
29730
29732
29741
29742
29743
29745
29801
29803
29805
29809
29810
29812
29817

Rep. Cases

Est. Cases

Total Cases

14
1
11
3
1
305
9
84
51
19
30
10
60
13
12
61
72
126
43
136
10
21
132
5
22
300
1
9
63
12
247
250
8
4
3
105
54
58
6
4
23
29
33

86
6
68
18
6
1,874
55
516
313
117
184
61
369
80
74
375
442
774
264
835
61
129
811
31
135
1,843
6
55
387
74
1,517
1,536
49
25
18
645
332
356
37
25
141
178
203

100
7
79
21
7
2,179
64
600
364
136
214
71
429
93
86
436
514
900
307
971
71
150
943
36
157
2,143
7
64
450
86
1,764
1,786
57
29
21
750
386
414
43
29
164
207
236

COVID-19 Confirmed Cases, by Zip Code
Zip

29819
29821
29824
29827
29828
29829
29831
29832
29835
29836
29838
29840
29841
29842
29843
29845
29847
29848
29849
29851
29853
29856
29860
29902
29904
29906
29907
29909
29910
29911
29912
29915
29916
29918
29920
29921
29922
29923
29924
29926
29927
29928
29929

Rep. Cases

Est. Cases

Total Cases

2
0
16
19
0
28
5
28
10
0
1
0
85
16
0
0
13
3
2
10
13
5
32
210
2
116
51
56
282
3
1
1
2
10
46
0
3
2
22
145
65
66
5

12
6
98
117
6
172
31
172
61
6
6
6
522
98
6
6
80
18
12
61
80
31
197
1,290
12
713
313
344
1,732
18
6
6
12
61
283
6
18
12
135
891
399
405
31

14
6
114
136
6
200
36
200
71
6
7
6
607
114
6
6
93
21
14
71
93
36
229
1,500
14
829
364
400
2,014
21
7
7
14
71
329
6
21
14
157
1,036
464
471
36

COVID-19 Confirmed Cases, by Zip Code
Zip

29932
29934
29935
29936
29940
29941
29943
29944
29945

Rep. Cases

Est. Cases

Total Cases

1
3
18
41
9
1
1
11
24

6
18
111
252
55
6
6
68
147

7
21
129
293
64
7
7
79
171

