COVID-19 Cases, by Zip Code
Reported Cases
0 Cases
1 - 5 Cases
6 - 15 Cases
16 - 40 Cases
>40 Cases

© OpenStreetMap

COVID-19 Cases by Zip Code
Zip

29001
29003
29006
29009
29010
29014
29015
29016
29018
29020
29030
29031
29032
29033
29036
29037
29038
29039
29040
29042
29044
29045
29047
29048
29051
29052
29053
29054
29055
29056
29058
29059
29061
29063
29065
29067
29069
29070
29072
29073
29074
29075
29078

Rep. Cases

Est. Cases

Total Cases

12
12
30
11
199
12
12
84
6
162
8
2
15
32
77
2
4
13
31
21
18
145
20
12
9
7
80
20
39
8
8
15
48
83
3
17
19
34
156
123
0
7
64

74
74
184
68
1,222
74
74
516
37
995
49
12
92
197
473
6
25
80
190
129
111
891
123
74
55
43
491
123
240
49
49
92
295
510
18
104
117
209
958
756
6
43
393

86
86
214
79
1,421
86
86
600
43
1,157
57
14
107
229
550
8
29
93
221
150
129
1,036
143
86
64
50
571
143
279
57
57
107
343
593
21
121
136
243
1,114
879
6
50
457

COVID-19 Cases by Zip Code
Zip

29080
29081
29082
29101
29102
29104
29105
29107
29108
29111
29112
29113
29114
29115
29118
29122
29123
29125
29126
29127
29128
29129
29130
29133
29135
29137
29138
29142
29145
29146
29148
29150
29152
29153
29154
29160
29161
29162
29163
29164
29166
29168
29169

Rep. Cases

Est. Cases

Total Cases

25
0
0
12
201
8
3
4
47
4
19
1
13
112
40
0
13
14
2
18
44
8
121
2
13
12
143
18
1
2
74
179
3
67
127
27
45
14
16
12
0
15
140

154
6
6
74
1,235
49
18
25
289
25
117
6
80
688
246
6
80
86
12
111
270
49
743
12
80
74
878
111
6
12
455
1,100
18
412
780
166
276
86
98
74
6
92
860

179
6
6
86
1,436
57
21
29
336
29
136
7
93
800
286
6
93
100
14
129
314
57
864
14
93
86
1,021
129
7
14
529
1,279
21
479
907
193
321
100
114
86
6
107
1,000

COVID-19 Cases by Zip Code
Zip

29170
29172
29175
29178
29180
29201
29203
29204
29205
29206
29207
29208
29209
29210
29212
29223
29229
29301
29302
29303
29306
29307
29316
29321
29322
29323
29325
29330
29332
29333
29334
29335
29340
29341
29346
29349
29351
29353
29355
29356
29360
29365
29369

Rep. Cases

Est. Cases

Total Cases

82
35
1
6
69
157
182
81
86
51
141
3
110
167
73
341
235
91
37
80
45
36
63
1
15
29
30
14
2
0
42
7
25
39
0
129
1
3
4
19
27
32
26

504
215
6
37
424
964
1,118
498
528
313
866
18
676
1,026
448
2,095
1,444
559
227
491
276
221
387
6
92
178
184
86
12
6
258
43
154
240
6
792
6
18
25
117
166
197
160

586
250
7
43
493
1,121
1,300
579
614
364
1,007
21
786
1,193
521
2,436
1,679
650
264
571
321
257
450
7
107
207
214
100
14
6
300
50
179
279
6
921
7
21
29
136
193
229
186

COVID-19 Cases by Zip Code
Zip

29370
29372
29374
29375
29376
29377
29379
29384
29385
29388
29401
29403
29404
29405
29406
29407
29409
29410
29412
29414
29418
29420
29424
29425
29426
29429
29431
29432
29434
29435
29436
29437
29438
29439
29440
29445
29446
29448
29449
29450
29451
29452
29453

Rep. Cases

Est. Cases

Total Cases

3
11
9
1
24
0
34
3
54
25
26
54
4
48
83
71
1
70
46
69
63
61
0
44
3
8
2
3
0
8
2
1
1
2
49
63
3
3
15
4
7
1
1

18
68
55
6
147
6
209
18
332
154
160
332
25
295
510
436
6
430
283
424
387
375
6
270
18
49
6
18
6
49
12
6
6
12
301
387
18
18
92
25
43
6
6

21
79
64
7
171
6
243
21
386
179
186
386
29
343
593
507
7
500
329
493
450
436
6
314
21
57
8
21
6
57
14
7
7
14
350
450
21
21
107
29
50
7
7

COVID-19 Cases by Zip Code
Zip

29455
29456
29458
29461
29464
29466
29468
29469
29470
29471
29472
29474
29475
29477
29479
29481
29482
29483
29485
29486
29487
29488
29492
29493
29501
29505
29506
29510
29511
29512
29516
29518
29519
29520
29525
29526
29527
29530
29532
29536
29540
29541
29543

Rep. Cases

Est. Cases

Total Cases

24
62
3
81
86
65
2
0
7
5
6
1
5
10
15
8
8
74
60
24
5
114
13
0
234
112
111
13
12
137
6
11
0
146
15
67
56
12
165
110
32
42
3

147
381
18
498
528
399
12
6
43
31
37
6
31
61
92
49
49
455
369
147
31
700
80
6
1,437
688
682
80
74
842
37
68
6
897
92
412
344
74
1,014
676
197
258
6

171
443
21
579
614
464
14
6
50
36
43
7
36
71
107
57
57
529
429
171
36
814
93
6
1,671
800
793
93
86
979
43
79
6
1,043
107
479
400
86
1,179
786
229
300
9

COVID-19 Cases by Zip Code
Zip

29544
29545
29546
29547
29550
29554
29555
29556
29560
29563
29564
29565
29566
29567
29568
29569
29570
29571
29572
29574
29575
29576
29577
29579
29580
29581
29582
29583
29584
29585
29588
29590
29591
29592
29593
29594
29596
29601
29605
29607
29609
29611
29615

Rep. Cases

Est. Cases

Total Cases

7
10
7
19
114
39
18
170
80
16
5
33
32
4
80
131
19
41
20
29
24
39
63
79
10
21
34
25
12
20
59
13
37
6
2
0
9
53
208
111
170
355
105

43
61
43
117
700
240
111
1,044
491
98
31
203
197
25
491
805
117
252
123
178
147
240
387
485
61
129
209
154
74
123
362
80
227
37
12
6
55
326
1,278
682
1,044
2,181
645

50
71
50
136
814
279
129
1,214
571
114
36
236
229
29
571
936
136
293
143
207
171
279
450
564
71
150
243
179
86
143
421
93
264
43
14
6
64
379
1,486
793
1,214
2,536
750

COVID-19 Cases by Zip Code
Zip

29617
29620
29621
29624
29625
29626
29627
29628
29630
29631
29634
29635
29638
29639
29640
29642
29643
29644
29645
29646
29649
29650
29651
29653
29654
29655
29657
29658
29661
29662
29664
29665
29666
29667
29669
29670
29671
29672
29673
29676
29678
29680
29681

Rep. Cases

Est. Cases

Total Cases

196
40
72
32
38
13
21
6
3
5
0
4
2
2
70
89
1
47
22
113
51
107
168
8
11
17
18
0
19
36
0
0
14
0
37
7
28
7
100
7
18
91
123

1,204
246
442
197
233
80
129
37
18
31
6
25
12
12
430
547
6
289
135
694
313
657
1,032
6
68
104
111
6
117
221
6
6
86
6
227
43
172
43
614
43
111
559
756

1,400
286
514
229
271
93
150
43
21
36
6
29
14
14
500
636
7
336
157
807
364
764
1,200
14
79
121
129
6
136
257
6
6
100
6
264
50
200
50
714
50
129
650
879

COVID-19 Cases by Zip Code
Zip

29682
29683
29684
29685
29686
29687
29689
29690
29691
29692
29693
29696
29697
29702
29704
29706
29707
29708
29709
29710
29712
29714
29715
29717
29718
29720
29726
29727
29728
29729
29730
29732
29741
29742
29743
29745
29801
29803
29805
29809
29810
29812
29817

Rep. Cases

Est. Cases

Total Cases

6
1
5
2
0
150
2
42
8
9
15
3
21
7
6
35
45
53
33
67
5
14
60
3
14
158
0
5
28
7
118
147
5
3
1
41
33
39
2
3
16
21
25

37
6
31
6
6
921
12
258
49
55
92
18
129
43
37
215
276
326
203
412
31
86
369
18
86
971
6
6
172
43
725
903
31
18
6
252
203
240
12
18
98
129
154

43
7
36
8
6
1,071
14
300
57
64
107
21
150
50
43
250
321
379
236
479
36
100
429
21
100
1,129
6
11
200
50
843
1,050
36
21
7
293
236
279
14
21
114
150
179

COVID-19 Cases by Zip Code
Zip

29819
29821
29824
29827
29828
29829
29831
29832
29835
29836
29838
29840
29841
29842
29843
29845
29847
29848
29849
29851
29853
29856
29860
29902
29904
29906
29907
29909
29910
29911
29912
29915
29916
29918
29920
29921
29922
29923
29924
29926
29927
29928
29929

Rep. Cases

Est. Cases

Total Cases

2
0
9
16
0
19
5
26
10
0
1
0
50
8
0
0
8
2
2
9
10
2
21
104
0
62
31
27
111
2
1
1
2
9
23
0
3
1
12
55
22
23
4

6
6
55
98
6
117
31
160
61
6
6
6
307
49
6
6
49
6
6
55
61
12
129
639
6
381
190
166
682
12
6
6
6
55
141
6
18
6
74
338
135
141
25

8
6
64
114
6
136
36
186
71
6
7
6
357
57
6
6
57
8
8
64
71
14
150
743
6
443
221
193
793
14
7
7
8
64
164
6
21
7
86
393
157
164
29

COVID-19 Cases by Zip Code
Zip

29932
29934
29935
29936
29940
29941
29943
29944
29945

Rep. Cases

Est. Cases

Total Cases

1
2
11
23
3
1
1
9
17

6
12
68
141
18
6
6
55
104

7
14
79
164
21
7
7
64
121

