COVID-19 Cases, by Zip Code
Reported Cases
0 Cases
1 - 5 Cases
6 - 15 Cases
16 - 40 Cases
>40 Cases

© OpenStreetMap

COVID-19 Cases by Zip Code
Zip

29001
29003
29006
29009
29010
29014
29015
29016
29018
29020
29030
29031
29032
29033
29036
29037
29038
29039
29040
29042
29044
29045
29047
29048
29051
29052
29053
29054
29055
29056
29058
29059
29061
29063
29065
29067
29069
29070
29072
29073
29074
29075
29078


Rep. Cases

Est. Cases

Total Cases

12
12
30
11
201
12
12
87
6
163
8
2
17
34
80
2
4
13
31
21
18
146
20
12
9
7
80
20
39
8
9
15
49
88
3
18
20
34
160
125
0
7
65

74
74
184
68
1,235
74
74
534
37
1,001
49
12
104
209
491
6
25
80
190
129
111
897
123
74
55
43
491
123
240
49
55
92
301
541
18
111
123
209
983
768
6
43
399

86
86
214
79
1,436
86
86
621
43
1,164
57
14
121
243
571
8
29
93
221
150
129
1,043
143
86
64
50
571
143
279
57
64
107
350
629
21
129
143
243
1,143
893
6
50
464

COVID-19 Cases by Zip Code
Zip

29080
29081
29082
29101
29102
29104
29105
29107
29108
29111
29112
29113
29114
29115
29118
29122
29123
29125
29126
29127
29128
29129
29130
29133
29135
29137
29138
29142
29145
29146
29148
29150
29152
29153
29154
29160
29161
29162
29163
29164
29166
29168
29169

Rep. Cases

Est. Cases

Total Cases

25
0
4
12
201
8
3
5
48
4
21
1
13
113
40
0
13
14
2
18
44
8
122
2
13
12
143
18
1
2
74
183
3
71
131
27
45
15
16
12
0
15
141

154
6
6
74
1,235
49
18
31
295
25
129
6
80
694
246
6
80
86
12
111
270
49
749
12
80
74
878
111
6
12
455
1,124
18
436
805
166
276
92
98
74
6
92
866

179
6
10
86
1,436
57
21
36
343
29
150
7
93
807
286
6
93
100
14
129
314
57
871
14
93
86
1,021
129
7
14
529
1,307
21
507
936
193
321
107
114
86
6
107
1,007

COVID-19 Cases by Zip Code
Zip

29170
29172
29175
29178
29180
29201
29203
29204
29205
29206
29207
29208
29209
29210
29212
29223
29229
29301
29302
29303
29306
29307
29316
29321
29322
29323
29325
29330
29332
29333
29334
29335
29340
29341
29346
29349
29351
29353
29355
29356
29360
29365
29369

Rep. Cases

Est. Cases

Total Cases

89
35
1
6
72
165
186
81
88
71
141
3
117
167
73
346
238
91
38
81
45
36
62
1
15
29
31
14
2
0
43
7
25
39
0
131
1
3
4
19
28
34
27

547
215
6
37
442
1,014
1,143
498
541
436
866
18
719
1,026
448
2,125
1,462
559
233
498
276
221
381
6
92
178
190
86
12
6
264
43
154
240
6
805
6
18
25
117
172
209
166

636
250
7
43
514
1,179
1,329
579
629
507
1,007
21
836
1,193
521
2,471
1,700
650
271
579
321
257
443
7
107
207
221
100
14
6
307
50
179
279
6
936
7
21
29
136
200
243
193

COVID-19 Cases by Zip Code
Zip

29370
29372
29374
29375
29376
29377
29379
29384
29385
29388
29401
29403
29404
29405
29406
29407
29409
29410
29412
29414
29418
29420
29424
29425
29426
29429
29431
29432
29434
29435
29436
29437
29438
29439
29440
29445
29446
29448
29449
29450
29451
29452
29453

Rep. Cases

Est. Cases

Total Cases

3
11
9
1
24
0
34
3
55
25
28
56
4
53
90
73
1
72
46
70
66
66
0
44
3
8
2
3
0
8
3
1
1
2
52
66
3
3
15
4
7
1
1

18
68
55
6
147
6
209
18
338
154
172
344
25
326
553
448
6
442
283
430
405
405
6
270
18
49
6
18
6
49
18
6
6
12
319
405
18
18
92
25
43
6
6

21
79
64
7
171
6
243
21
393
179
200
400
29
379
643
521
7
514
329
500
471
471
6
314
21
57
8
21
6
57
21
7
7
14
371
471
21
21
107
29
50
7
7

COVID-19 Cases by Zip Code
Zip

29455
29456
29458
29461
29464
29466
29468
29469
29470
29471
29472
29474
29475
29477
29479
29481
29482
29483
29485
29486
29487
29488
29492
29493
29501
29505
29506
29510
29511
29512
29516
29518
29519
29520
29525
29526
29527
29530
29532
29536
29540
29541
29543

Rep. Cases

Est. Cases

Total Cases

27
66
4
82
89
65
2
0
8
5
6
1
5
9
16
9
8
76
64
40
5
120
13
0
235
114
111
13
15
140
6
11
0
152
15
77
63
12
165
110
31
42
3

166
405
25
504
547
399
12
6
49
31
37
6
31
55
98
55
49
467
393
246
31
737
80
6
1,444
700
682
80
92
860
37
68
6
934
92
473
387
74
1,014
676
190
258
6

193
471
29
586
636
464
14
6
57
36
43
7
36
64
114
64
57
543
457
286
36
857
93
6
1,679
814
793
93
107
1,000
43
79
6
1,086
107
550
450
86
1,179
786
221
300
9

COVID-19 Cases by Zip Code
Zip

29544
29545
29546
29547
29550
29554
29555
29556
29560
29563
29564
29565
29566
29567
29568
29569
29570
29571
29572
29574
29575
29576
29577
29579
29580
29581
29582
29583
29584
29585
29588
29590
29591
29592
29593
29594
29596
29601
29605
29607
29609
29611
29615

Rep. Cases

Est. Cases

Total Cases

7
10
7
19
116
40
18
170
80
16
5
33
36
4
88
135
19
41
21
29
27
41
74
95
10
21
38
25
12
22
67
13
37
7
2
0
9
63
226
119
176
374
113

43
61
43
117
713
246
111
1,044
491
98
31
203
221
25
541
829
117
252
129
178
166
252
455
584
61
129
233
154
74
135
412
80
227
43
12
6
55
387
1,388
731
1,081
2,297
694

50
71
50
136
829
286
129
1,214
571
114
36
236
257
29
629
964
136
293
150
207
193
293
529
679
71
150
271
179
86
157
479
93
264
50
14
6
64
450
1,614
850
1,257
2,671
807

COVID-19 Cases by Zip Code
Zip

29617
29620
29621
29624
29625
29626
29627
29628
29630
29631
29634
29635
29638
29639
29640
29642
29643
29644
29645
29646
29649
29650
29651
29653
29654
29655
29657
29658
29661
29662
29664
29665
29666
29667
29669
29670
29671
29672
29673
29676
29678
29680
29681

Rep. Cases

Est. Cases

Total Cases

220
40
73
32
38
13
21
6
3
6
0
4
2
2
73
91
1
52
23
114
51
111
174
8
11
17
22
0
20
37
0
0
15
0
37
7
29
7
102
7
19
93
127

1,351
246
448
197
233
80
129
37
18
37
6
25
12
12
448
559
6
319
141
700
313
682
1,069
6
68
104
135
6
123
227
6
6
92
6
227
43
178
43
627
43
117
571
780

1,571
286
521
229
271
93
150
43
21
43
6
29
14
14
521
650
7
371
164
814
364
793
1,243
14
79
121
157
6
143
264
6
6
107
6
264
50
207
50
729
50
136
664
907

COVID-19 Cases by Zip Code
Zip

29682
29683
29684
29685
29686
29687
29689
29690
29691
29692
29693
29696
29697
29702
29704
29706
29707
29708
29709
29710
29712
29714
29715
29717
29718
29720
29726
29727
29728
29729
29730
29732
29741
29742
29743
29745
29801
29803
29805
29809
29810
29812
29817

Rep. Cases

Est. Cases

Total Cases

7
1
5
2
0
160
2
44
11
9
15
3
21
8
6
35
45
57
33
71
5
14
63
3
15
163
0
5
29
7
125
149
5
3
1
44
34
39
2
3
16
22
24

43
6
31
6
6
983
12
270
68
55
92
18
129
49
37
215
276
350
203
436
31
86
387
18
92
1,001
6
6
178
43
768
915
31
18
6
270
209
240
12
18
98
135
147

50
7
36
8
6
1,143
14
314
79
64
107
21
150
57
43
250
321
407
236
507
36
100
450
21
107
1,164
6
11
207
50
893
1,064
36
21
7
314
243
279
14
21
114
157
171

COVID-19 Cases by Zip Code
Zip

29819
29821
29824
29827
29828
29829
29831
29832
29835
29836
29838
29840
29841
29842
29843
29845
29847
29848
29849
29851
29853
29856
29860
29902
29904
29906
29907
29909
29910
29911
29912
29915
29916
29918
29920
29921
29922
29923
29924
29926
29927
29928
29929

Rep. Cases

Est. Cases

Total Cases

2
0
9
16
0
19
5
26
10
0
1
0
51
8
0
0
8
2
2
9
10
2
22
104
0
62
31
28
118
2
1
1
2
9
25
0
3
1
12
56
22
24
4

6
6
55
98
6
117
31
160
61
6
6
6
313
49
6
6
49
6
6
55
61
12
135
639
6
381
190
172
725
12
6
6
6
55
154
6
18
6
74
344
135
147
25

8
6
64
114
6
136
36
186
71
6
7
6
364
57
6
6
57
8
8
64
71
14
157
743
6
443
221
200
843
14
7
7
8
64
179
6
21
7
86
400
157
171
29

COVID-19 Cases by Zip Code
Zip

29932
29934
29935
29936
29940
29941
29943
29944
29945

Rep. Cases

Est. Cases

Total Cases

1
2
11
23
3
1
1
9
16

6
12
68
141
18
6
6
55
98

7
14
79
164
21
7
7
64
114

