COVID-19 Cases, by Zip Code
Reported Cases
0 Cases
1 - 5 Cases
6 - 15 Cases
16 - 40 Cases
>40 Cases

© OpenStreetMap

COVID-19 Cases by Zip Code
Zip

29001
29003
29006
29009
29010
29014
29015
29016
29018
29020
29030
29031
29032
29033
29036
29037
29038
29039
29040
29042
29044
29045
29047
29048
29051
29052
29053
29054
29055
29056
29058
29059
29061
29063
29065
29067
29069
29070
29072
29073
29074
29075
29078

Rep. Cases

Est. Cases

Total Cases

10
6
21
6
94
2
3
50
1
132
1
1
6
11
44
1
4
5
17
9
13
71
3
10
4
6
39
12
5
2
4
8
31
48
1
13
12
22
84
54
0
3
50

61
37
129
37
577
12
18
307
6
811
6
6
37
68
270
6
25
31
104
55
80
436
18
61
25
37
240
74
31
12
25
49
190
295
6
80
74
135
516
332
6
18
307

71
43
150
43
671
14
21
357
7
943
7
7
43
79
314
7
29
36
121
64
93
507
21
71
29
43
279
86
36
14
29
57
221
343
7
93
86
157
600
386
6
21
357

COVID-19 Cases by Zip Code
Zip

29080
29081
29082
29101
29102
29104
29105
29107
29108
29111
29112
29113
29114
29115
29118
29122
29123
29125
29126
29127
29128
29129
29130
29133
29135
29137
29138
29142
29145
29146
29148
29150
29152
29153
29154
29160
29161
29162
29163
29164
29166
29168
29169

Rep. Cases

Est. Cases

Total Cases

18
0
0
7
178
3
2
3
11
3
16
0
9
25
13
0
6
12
1
9
28
6
28
1
7
9
82
6
1
2
60
93
3
44
81
14
30
10
6
6
0
5
36

111
6
6
43
1,093
18
12
18
68
18
98
6
55
154
80
6
37
74
6
55
172
37
172
6
43
55
504
37
6
12
369
571
18
270
498
86
184
61
37
37
6
31
221

129
6
6
50
1,271
21
14
21
79
21
114
6
64
179
93
6
43
86
7
64
200
43
200
7
50
64
586
43
7
14
429
664
21
314
579
100
214
71
43
43
6
36
257

COVID-19 Cases by Zip Code
Zip

29170
29172
29175
29178
29180
29201
29203
29204
29205
29206
29207
29208
29209
29210
29212
29223
29229
29301
29302
29303
29306
29307
29316
29321
29322
29323
29325
29330
29332
29333
29334
29335
29340
29341
29346
29349
29351
29353
29355
29356
29360
29365
29369

Rep. Cases

Est. Cases

Total Cases

30
21
1
4
23
30
120
53
24
28
70
2
72
110
43
216
164
27
17
20
30
15
34
1
6
18
12
4
1
0
22
4
13
6
0
35
0
1
1
3
16
22
14

184
129
6
25
141
184
737
326
147
172
430
12
442
676
264
1,327
1,007
166
104
123
184
92
209
6
37
111
74
25
6
6
135
25
80
37
6
215
6
6
6
18
98
135
86

214
150
7
29
164
214
857
379
171
200
500
14
514
786
307
1,543
1,171
193
121
143
214
107
243
7
43
129
86
29
7
6
157
29
93
43
6
250
6
7
7
21
114
157
100

COVID-19 Cases by Zip Code
Zip

29370
29372
29374
29375
29376
29377
29379
29384
29385
29388
29401
29403
29404
29405
29406
29407
29409
29410
29412
29414
29418
29420
29424
29425
29426
29429
29431
29432
29434
29435
29436
29437
29438
29439
29440
29445
29446
29448
29449
29450
29451
29452
29453

Rep. Cases

Est. Cases

Total Cases

2
9
5
1
16
0
28
1
23
15
13
29
2
40
28
41
0
46
42
37
28
28
0
14
0
6
0
1
0
3
2
1
1
3
25
37
1
2
8
1
9
0
1

12
55
31
6
98
6
172
6
141
92
80
178
12
246
172
252
6
283
258
227
172
172
6
86
6
37
6
6
6
18
12
6
6
18
154
227
6
12
49
6
55
6
6

14
64
36
7
114
6
200
7
164
107
93
207
14
286
200
293
6
329
300
264
200
200
6
100
6
43
6
7
6
21
14
7
7
21
179
264
7
14
57
7
64
6
7

COVID-19 Cases by Zip Code
Zip

29455
29456
29458
29461
29464
29466
29468
29469
29470
29471
29472
29474
29475
29477
29479
29481
29482
29483
29485
29486
29487
29488
29492
29493
29501
29505
29506
29510
29511
29512
29516
29518
29519
29520
29525
29526
29527
29530
29532
29536
29540
29541
29543

Rep. Cases

Est. Cases

Total Cases

15
24
3
69
69
45
3
0
5
2
3
0
3
5
11
0
8
32
37
12
5
20
11
0
134
62
79
8
6
45
6
3
0
34
5
26
31
12
64
60
17
27
0

92
147
18
424
424
276
18
6
31
12
18
6
18
31
68
6
49
197
227
74
31
123
68
6
823
381
485
49
37
276
37
18
6
209
31
160
190
74
393
369
104
166
6

107
171
21
493
493
321
21
6
36
14
21
6
21
36
79
6
57
229
264
86
36
143
79
6
957
443
564
57
43
321
43
21
6
243
36
186
221
86
457
429
121
193
6

COVID-19 Cases by Zip Code
Zip

29544
29545
29546
29547
29550
29554
29555
29556
29560
29563
29564
29565
29566
29567
29568
29569
29570
29571
29572
29574
29575
29576
29577
29579
29580
29581
29582
29583
29584
29585
29588
29590
29591
29592
29593
29594
29596
29601
29605
29607
29609
29611
29615

Rep. Cases

Est. Cases

Total Cases

5
1
5
7
84
28
11
90
45
11
1
19
14
4
16
30
1
28
6
15
13
25
26
23
7
7
7
15
2
14
34
7
22
0
1
0
1
29
83
51
91
82
51

31
6
31
43
516
172
68
553
276
68
6
117
86
25
98
184
6
172
37
92
80
154
160
141
43
43
43
92
12
86
209
43
135
6
6
6
6
178
510
313
559
504
313

36
7
36
50
600
200
79
643
321
79
7
136
100
29
114
214
7
200
43
107
93
179
186
164
50
50
50
107
14
100
243
50
157
6
7
6
7
207
593
364
650
586
364

COVID-19 Cases by Zip Code
Zip

29617
29620
29621
29624
29625
29626
29627
29628
29630
29631
29634
29635
29638
29639
29640
29642
29643
29644
29645
29646
29649
29650
29651
29653
29654
29655
29657
29658
29661
29662
29664
29665
29666
29667
29669
29670
29671
29672
29673
29676
29678
29680
29681

Rep. Cases

Est. Cases

Total Cases

38
24
45
19
25
8
14
4
1
5
0
1
2
1
20
35
0
25
11
26
22
43
78
0
9
14
9
0
4
23
0
1
6
0
19
4
4
6
43
6
14
53
65

233
147
276
117
154
49
86
25
6
31
6
6
12
6
123
215
6
154
68
160
135
264
479
6
55
86
55
6
25
141
6
6
37
6
117
25
25
37
264
37
86
326
399

271
171
321
136
179
57
100
29
7
36
6
7
14
7
143
250
6
179
79
186
157
307
557
6
64
100
64
6
29
164
6
7
43
6
136
29
29
43
307
43
100
379
464

COVID-19 Cases by Zip Code
Zip

29682
29683
29684
29685
29686
29687
29689
29690
29691
29692
29693
29696
29697
29702
29704
29706
29707
29708
29709
29710
29712
29714
29715
29717
29718
29720
29726
29727
29728
29729
29730
29732
29741
29742
29743
29745
29801
29803
29805
29809
29810
29812
29817

Rep. Cases

Est. Cases

Total Cases

3
0
5
0
0
56
2
17
3
6
7
0
11
2
2
20
22
24
10
35
1
7
36
2
7
80
0
0
15
6
50
71
4
1
1
15
18
23
2
0
13
15
10

18
6
31
6
6
344
12
104
18
37
43
6
68
12
12
123
135
147
61
215
6
43
221
12
43
491
6
6
92
37
307
436
25
6
6
92
111
141
12
6
80
92
61

21
6
36
6
6
400
14
121
21
43
50
6
79
14
14
143
157
171
71
250
7
50
257
14
50
571
6
6
107
43
357
507
29
7
7
107
129
164
14
6
93
107
71

COVID-19 Cases by Zip Code
Zip

29819
29821
29824
29827
29828
29829
29831
29832
29835
29836
29838
29840
29841
29842
29843
29845
29847
29848
29849
29851
29853
29856
29860
29902
29904
29906
29907
29909
29910
29911
29912
29915
29916
29918
29920
29921
29922
29923
29924
29926
29927
29928
29929

Rep. Cases

Est. Cases

Total Cases

0
0
7
10
0
5
3
20
7
0
0
0
36
3
0
0
5
0
0
2
8
2
14
85
0
43
24
14
49
1
1
1
0
8
12
0
1
0
11
17
6
12
4

6
6
43
61
6
31
18
123
43
6
6
6
221
18
6
6
31
6
6
12
49
12
86
522
6
264
147
86
301
6
6
6
6
49
74
6
6
6
68
104
37
74
25

6
6
50
71
6
36
21
143
50
6
6
6
257
21
6
6
36
6
6
14
57
14
100
607
6
307
171
100
350
7
7
7
6
57
86
6
7
6
79
121
43
86
29

COVID-19 Cases by Zip Code
Zip

29932
29934
29935
29936
29940
29941
29943
29944
29945

Rep. Cases

Est. Cases

Total Cases

1
1
9
16
2
1
1
5
4

6
6
55
98
12
6
6
31
25

7
7
64
114
14
7
7
36
29

