COVID-19 Confirmed Cases, by Zip Code
Reported Cases
0 Cases
1 - 10 Cases
11 - 24 Cases
25-49 Cases
50-100 Cases
>100 Cases

© OpenStreetMap

COVID-19 Confirmed Cases, by Zip Code
Zip

29001
29003
29006
29009
29010
29014
29015
29016
29018
29020
29030
29031
29032
29033
29036
29037
29038
29039
29040
29042
29044
29045
29047
29048
29051
29052
29053
29054
29055
29056
29058
29059
29061
29063
29065
29067
29069
29070
29072
29073
29074
29075
29078

Rep. Cases

Est. Cases

Total Cases

19
60
63
12
237
16
22
151
23
261
27
2
27
92
150
2
12
20
75
41
34
239
58
24
13
17
171
60
47
15
16
36
95
208
5
42
29
88
410
282
0
23
126

117
369
387
74
1,456
98
135
928
141
1,603
166
12
166
565
921
12
74
123
461
252
209
1,468
356
147
80
104
1,050
369
289
92
98
221
584
1,278
31
258
178
541
2,519
1,732
6
141
774

136
429
450
86
1,693
114
157
1,079
164
1,864
193
14
193
657
1,071
14
86
143
536
293
243
1,707
414
171
93
121
1,221
429
336
107
114
257
679
1,486
36
300
207
629
2,929
2,014
6
164
900

COVID-19 Confirmed Cases, by Zip Code
Zip

29080
29081
29082
29101
29102
29104
29105
29107
29108
29111
29112
29113
29114
29115
29118
29122
29123
29125
29126
29127
29128
29129
29130
29133
29135
29137
29138
29142
29145
29146
29148
29150
29152
29153
29154
29160
29161
29162
29163
29164
29166
29168
29169

Rep. Cases

Est. Cases

Total Cases

34
8
8
16
246
12
13
20
156
7
52
2
14
294
104
0
26
33
11
40
97
11
132
9
56
16
188
51
1
4
88
377
3
144
264
50
73
33
24
23
1
28
256

209
49
49
98
1,511
74
80
123
958
43
319
12
86
1,806
639
6
160
203
68
246
596
68
811
55
344
98
1,155
313
6
25
541
2,316
18
885
1,622
307
448
203
147
141
6
172
1,573

243
57
57
114
1,757
86
93
143
1,114
50
371
14
100
2,100
743
6
186
236
79
286
693
79
943
64
400
114
1,343
364
7
29
629
2,693
21
1,029
1,886
357
521
236
171
164
7
200
1,829

COVID-19 Confirmed Cases, by Zip Code
Zip

29170
29172
29175
29178
29180
29201
29203
29204
29205
29206
29207
29208
29209
29210
29212
29223
29229
29301
29302
29303
29306
29307
29316
29321
29322
29323
29325
29330
29332
29333
29334
29335
29340
29341
29346
29349
29351
29353
29355
29356
29360
29365
29369

Rep. Cases

Est. Cases

Total Cases

184
62
1
11
127
333
301
159
210
159
239
7
228
300
142
536
366
179
95
152
80
65
124
8
27
72
204
35
7
1
94
20
44
81
1
197
5
9
9
37
138
65
59

1,130
381
6
68
780
2,046
1,849
977
1,290
977
1,468
43
1,401
1,843
872
3,293
2,248
1,100
584
934
491
399
762
49
166
442
1,253
215
43
6
577
123
270
498
6
1,210
31
55
55
227
848
399
362

1,314
443
7
79
907
2,379
2,150
1,136
1,500
1,136
1,707
50
1,629
2,143
1,014
3,829
2,614
1,279
679
1,086
571
464
886
57
193
514
1,457
250
50
7
671
143
314
579
7
1,407
36
64
64
264
986
464
421

COVID-19 Confirmed Cases, by Zip Code
Zip

29370
29372
29374
29375
29376
29377
29379
29384
29385
29388
29401
29403
29404
29405
29406
29407
29409
29410
29412
29414
29418
29420
29424
29425
29426
29429
29431
29432
29434
29435
29436
29437
29438
29439
29440
29445
29446
29448
29449
29450
29451
29452
29453

Rep. Cases

Est. Cases

Total Cases

4
26
22
1
38
0
69
13
78
64
125
606
11
285
361
297
4
201
337
283
256
194
0
0
10
34
11
15
0
30
13
5
11
15
166
336
5
7
63
12
22
3
4

25
160
135
6
233
6
424
80
479
393
768
3,723
68
1,751
2,218
1,824
25
1,235
2,070
1,738
1,573
1,192
6
6
61
209
68
92
6
184
80
31
68
92
1,020
2,064
31
43
387
74
135
18
25

29
186
157
7
271
6
493
93
557
457
893
4,329
79
2,036
2,579
2,121
29
1,436
2,407
2,021
1,829
1,386
6
6
71
243
79
107
6
214
93
36
79
107
1,186
2,400
36
50
450
86
157
21
29

COVID-19 Confirmed Cases, by Zip Code
Zip

29455
29456
29458
29461
29464
29466
29468
29469
29470
29471
29472
29474
29475
29477
29479
29481
29482
29483
29485
29486
29487
29488
29492
29493
29501
29505
29506
29510
29511
29512
29516
29518
29519
29520
29525
29526
29527
29530
29532
29536
29540
29541
29543

Rep. Cases

Est. Cases

Total Cases

195
214
17
186
456
240
5
4
29
7
20
4
12
22
31
33
18
256
212
121
14
219
81
3
416
205
164
45
40
191
7
14
6
181
24
414
179
28
200
152
40
58
12

1,198
1,315
104
1,143
2,801
1,474
31
25
178
43
123
25
74
135
190
203
111
1,573
1,302
743
86
1,345
498
18
2,555
1,259
1,007
276
246
1,173
43
86
37
1,112
147
2,543
1,100
172
1,229
934
246
356
74

1,393
1,529
121
1,329
3,257
1,714
36
29
207
50
143
29
86
157
221
236
129
1,829
1,514
864
100
1,564
579
21
2,971
1,464
1,171
321
286
1,364
50
100
43
1,293
171
2,957
1,279
200
1,429
1,086
286
414
86

COVID-19 Confirmed Cases, by Zip Code
Zip

29544
29545
29546
29547
29550
29554
29555
29556
29560
29563
29564
29565
29566
29567
29568
29569
29570
29571
29572
29574
29575
29576
29577
29579
29580
29581
29582
29583
29584
29585
29588
29590
29591
29592
29593
29594
29596
29601
29605
29607
29609
29611
29615

Rep. Cases

Est. Cases

Total Cases

32
16
14
32
168
109
31
217
131
24
5
69
209
7
224
232
28
93
112
85
153
240
363
468
12
33
209
33
15
138
417
18
48
11
4
0
16
184
474
335
355
681
274

197
98
86
197
1,032
670
190
1,333
805
147
31
424
1,284
43
1,376
1,425
172
571
688
522
940
1,474
2,230
2,875
74
203
1,284
203
92
848
2,562
111
295
68
25
6
98
1,130
2,912
2,058
2,181
4,183
1,683

229
114
100
229
1,200
779
221
1,550
936
171
36
493
1,493
50
1,600
1,657
200
664
800
607
1,093
1,714
2,593
3,343
86
236
1,493
236
107
986
2,979
129
343
79
29
6
114
1,314
3,386
2,393
2,536
4,864
1,957

COVID-19 Confirmed Cases, by Zip Code
Zip

29617
29620
29621
29624
29625
29626
29627
29628
29630
29631
29634
29635
29638
29639
29640
29642
29643
29644
29645
29646
29649
29650
29651
29653
29654
29655
29657
29658
29661
29662
29664
29665
29666
29667
29669
29670
29671
29672
29673
29676
29678
29680
29681

Rep. Cases

Est. Cases

Total Cases

455
54
149
52
79
41
45
10
73
186
15
5
3
2
203
202
4
120
59
278
160
268
342
29
28
21
65
0
42
82
2
0
27
0
70
29
70
25
203
18
98
208
320

2,795
332
915
319
485
252
276
61
448
1,143
92
31
18
12
1,247
1,241
25
737
362
1,708
983
1,646
2,101
178
172
129
399
6
258
504
12
6
166
6
430
178
430
154
1,247
111
602
1,278
1,966

3,250
386
1,064
371
564
293
321
71
521
1,329
107
36
21
14
1,450
1,443
29
857
421
1,986
1,143
1,914
2,443
207
200
150
464
6
300
586
14
6
193
6
500
207
500
179
1,450
129
700
1,486
2,286

COVID-19 Confirmed Cases, by Zip Code
Zip

29682
29683
29684
29685
29686
29687
29689
29690
29691
29692
29693
29696
29697
29702
29704
29706
29707
29708
29709
29710
29712
29714
29715
29717
29718
29720
29726
29727
29728
29729
29730
29732
29741
29742
29743
29745
29801
29803
29805
29809
29810
29812
29817

Rep. Cases

Est. Cases

Total Cases

17
1
13
4
1
330
10
93
59
20
34
16
66
16
13
73
82
152
44
160
13
25
149
5
23
347
1
10
65
16
272
288
10
6
3
126
62
69
7
4
23
34
33

104
6
80
25
6
2,027
61
571
362
123
209
98
405
98
80
448
504
934
270
983
80
154
915
31
141
2,132
6
61
399
98
1,671
1,769
61
37
18
774
381
424
43
25
141
209
203

121
7
93
29
7
2,357
71
664
421
143
243
114
471
114
93
521
586
1,086
314
1,143
93
179
1,064
36
164
2,479
7
71
464
114
1,943
2,057
71
43
21
900
443
493
50
29
164
243
236

COVID-19 Confirmed Cases, by Zip Code
Zip

29819
29821
29824
29827
29828
29829
29831
29832
29835
29836
29838
29840
29841
29842
29843
29845
29847
29848
29849
29851
29853
29856
29860
29902
29904
29906
29907
29909
29910
29911
29912
29915
29916
29918
29920
29921
29922
29923
29924
29926
29927
29928
29929

Rep. Cases

Est. Cases

Total Cases

2
1
18
19
0
30
6
29
14
0
1
0
99
19
1
0
13
3
2
11
14
5
32
242
5
127
58
61
320
4
1
1
2
11
49
0
3
3
24
173
76
81
5

12
6
111
117
6
184
37
178
86
6
6
6
608
117
6
6
80
18
12
68
86
31
197
1,487
31
780
356
375
1,966
25
6
6
12
68
301
6
18
18
147
1,063
467
498
31

14
7
129
136
6
214
43
207
100
6
7
6
707
136
7
6
93
21
14
79
100
36
229
1,729
36
907
414
436
2,286
29
7
7
14
79
350
6
21
21
171
1,236
543
579
36

COVID-19 Confirmed Cases, by Zip Code
Zip

29932
29934
29935
29936
29940
29941
29943
29944
29945

Rep. Cases

Est. Cases

Total Cases

1
3
22
51
13
1
2
14
24

6
18
135
313
80
6
12
86
147

7
21
157
364
93
7
14
100
171

