COVID-19 Cases, by Zip Code
Reported Cases
0 Cases
1 - 5 Cases
6 - 15 Cases
16 - 40 Cases
>40 Cases

© OpenStreetMap

COVID-19 Cases by Zip Code
Zip

29001
29003
29006
29009
29010
29014
29015
29016
29018
29020
29030
29031
29032
29033
29036
29037
29038
29039
29040
29042
29044
29045
29047
29048
29051
29052
29053
29054
29055
29056
29058
29059
29061
29063
29065
29067
29069
29070
29072
29073
29074
29075
29078

Rep. Cases

Est. Cases

Total Cases

12
11
28
11
196
10
9
76
6
159
4
2
11
19
66
0
4
11
27
18
18
135
11
11
8
7
69
17
36
6
7
14
45
72
3
15
19
30
133
103
0
5
62

74
68
172
68
1,204
61
55
467
37
977
25
12
68
117
405
6
25
68
166
111
111
829
68
68
49
43
424
104
221
37
43
86
276
442
18
92
117
184
817
633
6
31
381

86
79
200
79
1,400
71
64
543
43
1,136
29
14
79
136
471
6
29
79
193
129
129
964
79
79
57
50
493
121
257
43
50
100
321
514
21
107
136
214
950
736
6
36
443

COVID-19 Cases by Zip Code
Zip

29080
29081
29082
29101
29102
29104
29105
29107
29108
29111
29112
29113
29114
29115
29118
29122
29123
29125
29126
29127
29128
29129
29130
29133
29135
29137
29138
29142
29145
29146
29148
29150
29152
29153
29154
29160
29161
29162
29163
29164
29166
29168
29169

Rep. Cases

Est. Cases

Total Cases

25
0
0
12
198
8
3
4
41
4
19
1
13
96
36
0
9
14
1
17
36
8
121
1
13
13
140
13
1
2
73
146
3
61
116
26
42
13
15
11
0
9
117

154
6
6
74
1,216
49
18
25
252
25
117
6
80
590
221
6
55
86
6
104
221
49
743
6
80
80
860
80
6
12
448
897
18
375
713
160
258
80
92
68
6
55
719

179
6
6
86
1,414
57
21
29
293
29
136
7
93
686
257
6
64
100
7
121
257
57
864
7
93
93
1,000
93
7
14
521
1,043
21
436
829
186
300
93
107
79
6
64
836

COVID-19 Cases by Zip Code
Zip

29170
29172
29175
29178
29180
29201
29203
29204
29205
29206
29207
29208
29209
29210
29212
29223
29229
29301
29302
29303
29306
29307
29316
29321
29322
29323
29325
29330
29332
29333
29334
29335
29340
29341
29346
29349
29351
29353
29355
29356
29360
29365
29369

Rep. Cases

Est. Cases

Total Cases

65
29
1
5
56
88
180
78
58
43
121
2
98
158
65
323
221
76
29
66
41
33
55
1
13
24
23
9
1
0
36
5
24
18
0
121
0
3
1
15
22
31
22

399
178
6
31
344
541
1,106
479
356
264
743
12
602
971
399
1,984
1,358
467
178
405
252
203
338
6
80
147
141
55
6
6
221
31
147
111
6
743
6
18
6
92
135
190
135

464
207
7
36
400
629
1,286
557
414
307
864
14
700
1,129
464
2,307
1,579
543
207
471
293
236
393
7
93
171
164
64
7
6
257
36
171
129
6
864
6
21
7
107
157
221
157

COVID-19 Cases by Zip Code
Zip

29370
29372
29374
29375
29376
29377
29379
29384
29385
29388
29401
29403
29404
29405
29406
29407
29409
29410
29412
29414
29418
29420
29424
29425
29426
29429
29431
29432
29434
29435
29436
29437
29438
29439
29440
29445
29446
29448
29449
29450
29451
29452
29453

Rep. Cases

Est. Cases

Total Cases

3
10
7
1
21
0
33
1
45
23
22
43
4
44
61
67
1
59
44
53
56
49
0
32
1
8
1
2
0
6
2
1
1
2
48
49
2
3
14
3
7
1
1

18
61
43
6
129
6
203
6
276
141
135
264
25
270
375
412
6
362
270
326
344
301
6
197
6
49
6
12
6
37
12
6
6
12
295
301
12
18
86
18
43
6
6

21
71
50
7
150
6
236
7
321
164
157
307
29
314
436
479
7
421
314
379
400
350
6
229
7
57
7
14
6
43
14
7
7
14
343
350
14
21
100
21
50
7
7

COVID-19 Cases by Zip Code
Zip

29455
29456
29458
29461
29464
29466
29468
29469
29470
29471
29472
29474
29475
29477
29479
29481
29482
29483
29485
29486
29487
29488
29492
29493
29501
29505
29506
29510
29511
29512
29516
29518
29519
29520
29525
29526
29527
29530
29532
29536
29540
29541
29543

Rep. Cases

Est. Cases

Total Cases

19
54
3
79
77
55
2
0
6
5
4
1
5
10
15
7
8
69
54
23
5
99
12
0
234
106
109
11
8
132
6
11
0
139
12
49
49
12
159
104
29
41
2

117
332
18
485
473
338
12
6
37
31
25
6
31
61
92
43
49
424
332
141
31
608
74
6
1,437
651
670
68
49
811
37
68
6
854
74
301
301
74
977
639
178
252
6

136
386
21
564
550
393
14
6
43
36
29
7
36
71
107
50
57
493
386
164
36
707
86
6
1,671
757
779
79
57
943
43
79
6
993
86
350
350
86
1,136
743
207
293
8

COVID-19 Cases by Zip Code
Zip

29544
29545
29546
29547
29550
29554
29555
29556
29560
29563
29564
29565
29566
29567
29568
29569
29570
29571
29572
29574
29575
29576
29577
29579
29580
29581
29582
29583
29584
29585
29588
29590
29591
29592
29593
29594
29596
29601
29605
29607
29609
29611
29615

Rep. Cases

Est. Cases

Total Cases

7
9
7
16
106
37
15
167
74
16
4
31
23
4
52
107
18
39
13
26
22
30
43
51
10
20
20
24
10
15
43
13
38
3
2
0
9
44
176
98
150
304
100

43
55
43
98
651
227
92
1,026
455
98
25
190
141
25
319
657
111
240
80
160
135
184
264
313
61
123
123
147
61
92
264
80
233
18
12
6
55
270
1,081
602
921
1,867
614

50
64
50
114
757
264
107
1,193
529
114
29
221
164
29
371
764
129
279
93
186
157
214
307
364
71
143
143
171
71
107
307
93
271
21
14
6
64
314
1,257
700
1,071
2,171
714

COVID-19 Cases by Zip Code
Zip

29617
29620
29621
29624
29625
29626
29627
29628
29630
29631
29634
29635
29638
29639
29640
29642
29643
29644
29645
29646
29649
29650
29651
29653
29654
29655
29657
29658
29661
29662
29664
29665
29666
29667
29669
29670
29671
29672
29673
29676
29678
29680
29681

Rep. Cases

Est. Cases

Total Cases

159
34
69
31
34
10
21
5
3
5
0
2
2
2
58
84
1
41
19
95
37
95
147
6
10
17
16
0
16
29
0
0
10
0
36
6
23
7
84
6
17
79
110

977
209
424
190
209
61
129
31
18
31
6
12
12
12
356
516
6
252
117
584
227
584
903
6
61
104
98
6
98
178
6
6
61
6
221
37
141
43
516
37
104
485
676

1,136
243
493
221
243
71
150
36
21
36
6
14
14
14
414
600
7
293
136
679
264
679
1,050
12
71
121
114
6
114
207
6
6
71
6
257
43
164
50
600
43
121
564
786

COVID-19 Cases by Zip Code
Zip

29682
29683
29684
29685
29686
29687
29689
29690
29691
29692
29693
29696
29697
29702
29704
29706
29707
29708
29709
29710
29712
29714
29715
29717
29718
29720
29726
29727
29728
29729
29730
29732
29741
29742
29743
29745
29801
29803
29805
29809
29810
29812
29817

Rep. Cases

Est. Cases

Total Cases

4
1
5
0
0
126
2
39
6
9
14
3
14
6
5
29
37
48
33
57
5
12
53
3
12
137
0
4
20
6
96
137
5
3
1
33
35
40
3
3
16
20
25

25
6
31
6
6
774
12
240
37
55
86
18
86
37
31
178
227
295
203
350
31
74
326
18
74
842
6
6
123
37
590
842
31
18
6
203
215
246
18
18
98
123
154

29
7
36
6
6
900
14
279
43
64
100
21
100
43
36
207
264
343
236
407
36
86
379
21
86
979
6
10
143
43
686
979
36
21
7
236
250
286
21
21
114
143
179

COVID-19 Cases by Zip Code
Zip

29819
29821
29824
29827
29828
29829
29831
29832
29835
29836
29838
29840
29841
29842
29843
29845
29847
29848
29849
29851
29853
29856
29860
29902
29904
29906
29907
29909
29910
29911
29912
29915
29916
29918
29920
29921
29922
29923
29924
29926
29927
29928
29929

Rep. Cases

Est. Cases

Total Cases

2
0
9
16
0
18
4
26
9
0
1
0
49
7
0
0
8
2
2
9
10
2
20
98
0
59
30
25
102
2
1
1
1
9
20
0
3
1
12
43
21
14
4

6
6
55
98
6
111
25
160
55
6
6
6
301
43
6
6
49
6
6
55
61
12
123
602
6
362
184
154
627
12
6
6
6
55
123
6
18
6
74
264
129
86
25

8
6
64
114
6
129
29
186
64
6
7
6
350
50
6
6
57
8
8
64
71
14
143
700
6
421
214
179
729
14
7
7
7
64
143
6
21
7
86
307
150
100
29

COVID-19 Cases by Zip Code
Zip

29932
29934
29935
29936
29940
29941
29943
29944
29945

Rep. Cases

Est. Cases

Total Cases

1
2
11
20
3
1
1
8
9

6
12
68
123
18
6
6
49
55

7
14
79
143
21
7
7
57
64

