COVID-19 Cases, by Zip Code
Reported Cases
0 Cases
1 - 5 Cases
6 - 15 Cases
16 - 40 Cases
>40 Cases

© OpenStreetMap

COVID-19 Cases by Zip Code
Zip

29001
29003
29006
29009
29010
29014
29015
29016
29018
29020
29030
29031
29032
29033
29036
29037
29038
29039
29040
29042
29044
29045
29047
29048
29051
29052
29053
29054
29055
29056
29058
29059
29061
29063
29065
29067
29069
29070
29072
29073
29074
29075
29078

Rep. Cases

Est. Cases

Total Cases

12
12
30
11
197
11
10
78
6
160
6
2
13
23
70
1
4
12
29
21
17
140
14
12
8
7
77
18
40
6
8
14
47
75
2
16
19
34
143
111
0
6
63

74
74
184
68
1,210
68
61
479
37
983
37
12
80
141
430
6
25
74
178
129
104
860
86
74
49
43
473
111
246
37
49
86
289
461
12
98
117
209
878
682
6
37
387

86
86
214
79
1,407
79
71
557
43
1,143
43
14
93
164
500
7
29
86
207
150
121
1,000
100
86
57
50
550
129
286
43
57
100
336
536
14
114
136
243
1,021
793
6
43
450

COVID-19 Cases by Zip Code
Zip

29080
29081
29082
29101
29102
29104
29105
29107
29108
29111
29112
29113
29114
29115
29118
29122
29123
29125
29126
29127
29128
29129
29130
29133
29135
29137
29138
29142
29145
29146
29148
29150
29152
29153
29154
29160
29161
29162
29163
29164
29166
29168
29169

Rep. Cases

Est. Cases

Total Cases

25
0
0
12
200
8
3
4
43
4
19
1
13
102
36
0
9
14
1
18
40
8
120
1
13
12
141
15
1
2
74
163
3
64
123
26
44
13
15
11
0
13
127

154
6
6
74
1,229
49
18
25
264
25
117
6
80
627
221
6
55
86
6
111
246
49
737
6
80
74
866
92
6
12
455
1,001
18
393
756
160
270
80
92
68
6
80
780

179
6
6
86
1,429
57
21
29
307
29
136
7
93
729
257
6
64
100
7
129
286
57
857
7
93
86
1,007
107
7
14
529
1,164
21
457
879
186
314
93
107
79
6
93
907

COVID-19 Cases by Zip Code
Zip

29170
29172
29175
29178
29180
29201
29203
29204
29205
29206
29207
29208
29209
29210
29212
29223
29229
29301
29302
29303
29306
29307
29316
29321
29322
29323
29325
29330
29332
29333
29334
29335
29340
29341
29346
29349
29351
29353
29355
29356
29360
29365
29369

Rep. Cases

Est. Cases

Total Cases

71
31
1
5
64
121
182
77
71
45
121
2
103
163
68
333
225
85
33
74
45
33
61
1
14
29
27
13
1
0
40
6
25
35
0
126
0
3
4
15
25
32
25

436
190
6
31
393
743
1,118
473
436
276
743
12
633
1,001
418
2,046
1,382
522
203
455
276
203
375
6
86
178
166
80
6
6
246
37
154
215
6
774
6
18
25
92
154
197
154

507
221
7
36
457
864
1,300
550
507
321
864
14
736
1,164
486
2,379
1,607
607
236
529
321
236
436
7
100
207
193
93
7
6
286
43
179
250
6
900
6
21
29
107
179
229
179

COVID-19 Cases by Zip Code
Zip

29370
29372
29374
29375
29376
29377
29379
29384
29385
29388
29401
29403
29404
29405
29406
29407
29409
29410
29412
29414
29418
29420
29424
29425
29426
29429
29431
29432
29434
29435
29436
29437
29438
29439
29440
29445
29446
29448
29449
29450
29451
29452
29453

Rep. Cases

Est. Cases

Total Cases

3
11
8
1
24
0
34
3
48
24
25
49
4
46
75
68
1
63
44
66
62
54
0
38
3
8
1
2
0
7
2
1
1
2
48
55
3
3
15
3
7
1
1

18
68
49
6
147
6
209
18
295
147
154
301
25
283
461
418
6
387
270
405
381
332
6
233
18
49
6
12
6
43
12
6
6
12
295
338
18
18
92
18
43
6
6

21
79
57
7
171
6
243
21
343
171
179
350
29
329
536
486
7
450
314
471
443
386
6
271
21
57
7
14
6
50
14
7
7
14
343
393
21
21
107
21
50
7
7

COVID-19 Cases by Zip Code
Zip

29455
29456
29458
29461
29464
29466
29468
29469
29470
29471
29472
29474
29475
29477
29479
29481
29482
29483
29485
29486
29487
29488
29492
29493
29501
29505
29506
29510
29511
29512
29516
29518
29519
29520
29525
29526
29527
29530
29532
29536
29540
29541
29543

Rep. Cases

Est. Cases

Total Cases

23
60
3
81
81
57
2
0
7
5
5
2
5
10
15
7
8
73
58
24
5
108
12
0
233
110
111
12
10
135
6
11
0
143
12
54
52
12
162
110
31
42
2

141
369
18
498
498
350
12
6
43
31
31
6
31
61
92
43
49
448
356
147
31
663
74
6
1,431
676
682
74
61
829
37
68
6
878
74
332
319
74
995
676
190
258
6

164
429
21
579
579
407
14
6
50
36
36
8
36
71
107
50
57
521
414
171
36
771
86
6
1,664
786
793
86
71
964
43
79
6
1,021
86
386
371
86
1,157
786
221
300
8

COVID-19 Cases by Zip Code
Zip

29544
29545
29546
29547
29550
29554
29555
29556
29560
29563
29564
29565
29566
29567
29568
29569
29570
29571
29572
29574
29575
29576
29577
29579
29580
29581
29582
29583
29584
29585
29588
29590
29591
29592
29593
29594
29596
29601
29605
29607
29609
29611
29615

Rep. Cases

Est. Cases

Total Cases

7
9
7
19
113
38
15
168
78
16
4
33
28
4
67
126
19
41
16
28
22
33
51
56
10
21
28
24
12
16
47
13
37
8
2
0
9
48
190
102
163
330
103

43
55
43
117
694
233
92
1,032
479
98
25
203
172
25
412
774
117
252
98
172
135
203
313
344
61
129
172
147
74
98
289
80
227
49
12
6
55
295
1,167
627
1,001
2,027
633

50
64
50
136
807
271
107
1,200
557
114
29
236
200
29
479
900
136
293
114
200
157
236
364
400
71
150
200
171
86
114
336
93
264
57
14
6
64
343
1,357
729
1,164
2,357
736

COVID-19 Cases by Zip Code
Zip

29617
29620
29621
29624
29625
29626
29627
29628
29630
29631
29634
29635
29638
29639
29640
29642
29643
29644
29645
29646
29649
29650
29651
29653
29654
29655
29657
29658
29661
29662
29664
29665
29666
29667
29669
29670
29671
29672
29673
29676
29678
29680
29681

Rep. Cases

Est. Cases

Total Cases

170
37
71
31
38
10
21
6
3
5
0
4
2
2
64
87
1
44
20
101
40
98
158
7
11
17
16
0
18
33
0
0
11
0
38
7
27
7
90
6
17
83
121

1,044
227
436
190
233
61
129
37
18
31
6
25
12
12
393
534
6
270
123
620
246
602
971
6
68
104
98
6
111
203
6
6
68
6
233
43
166
43
553
37
104
510
743

1,214
264
507
221
271
71
150
43
21
36
6
29
14
14
457
621
7
314
143
721
286
700
1,129
13
79
121
114
6
129
236
6
6
79
6
271
50
193
50
643
43
121
593
864

COVID-19 Cases by Zip Code
Zip

29682
29683
29684
29685
29686
29687
29689
29690
29691
29692
29693
29696
29697
29702
29704
29706
29707
29708
29709
29710
29712
29714
29715
29717
29718
29720
29726
29727
29728
29729
29730
29732
29741
29742
29743
29745
29801
29803
29805
29809
29810
29812
29817

Rep. Cases

Est. Cases

Total Cases

4
1
5
0
0
133
2
42
7
9
15
3
19
6
5
31
41
50
34
62
5
12
55
3
13
147
0
5
22
6
105
137
5
3
1
34
32
38
2
3
16
21
25

25
6
31
6
6
817
12
258
43
55
92
18
117
37
31
190
252
307
209
381
31
74
338
18
80
903
6
6
135
37
645
842
31
18
6
209
197
233
12
18
98
129
154

29
7
36
6
6
950
14
300
50
64
107
21
136
43
36
221
293
357
243
443
36
86
393
21
93
1,050
6
11
157
43
750
979
36
21
7
243
229
271
14
21
114
150
179

COVID-19 Cases by Zip Code
Zip

29819
29821
29824
29827
29828
29829
29831
29832
29835
29836
29838
29840
29841
29842
29843
29845
29847
29848
29849
29851
29853
29856
29860
29902
29904
29906
29907
29909
29910
29911
29912
29915
29916
29918
29920
29921
29922
29923
29924
29926
29927
29928
29929

Rep. Cases

Est. Cases

Total Cases

2
0
9
16
0
19
5
26
9
0
1
0
49
7
0
0
8
2
2
9
10
2
22
101
0
59
30
26
104
2
1
1
1
9
21
0
3
1
12
46
21
17
4

6
6
55
98
6
117
31
160
55
6
6
6
301
43
6
6
49
6
6
55
61
12
135
620
6
362
184
160
639
12
6
6
6
55
129
6
18
6
74
283
129
104
25

8
6
64
114
6
136
36
186
64
6
7
6
350
50
6
6
57
8
8
64
71
14
157
721
6
421
214
186
743
14
7
7
7
64
150
6
21
7
86
329
150
121
29

COVID-19 Cases by Zip Code
Zip

29932
29934
29935
29936
29940
29941
29943
29944
29945

Rep. Cases

Est. Cases

Total Cases

1
2
11
21
3
1
1
8
14

6
12
68
129
18
6
6
49
86

7
14
79
150
21
7
7
57
100

