COVID-19 Confirmed Cases, by Zip Code
Reported Cases
0 Cases
1 - 10 Cases
11 - 24 Cases
25-49 Cases
50-100 Cases
>100 Cases

© OpenStreetMap

COVID-19 Confirmed Cases, by Zip Code
Zip

29001
29003
29006
29009
29010
29014
29015
29016
29018
29020
29030
29031
29032
29033
29036
29037
29038
29039
29040
29042
29044
29045
29047
29048
29051
29052
29053
29054
29055
29056
29058
29059
29061
29063
29065
29067
29069
29070
29072
29073
29074
29075
29078

Rep. Cases

Est. Cases

Total Cases

28
147
111
20
291
24
30
216
54
359
45
5
41
175
270
6
29
46
100
74
57
321
87
51
15
24
278
105
54
20
25
81
142
351
9
66
55
166
615
465
1
41
185

172
903
682
123
1,788
147
184
1,327
332
2,205
276
31
252
1,075
1,659
37
178
283
614
455
350
1,972
534
313
92
147
1,708
645
332
123
154
498
872
2,156
55
405
338
1,020
3,778
2,856
6
252
1,136

200
1,050
793
143
2,079
171
214
1,543
386
2,564
321
36
293
1,250
1,929
43
207
329
714
529
407
2,293
621
364
107
171
1,986
750
386
143
179
579
1,014
2,507
64
471
393
1,186
4,393
3,321
7
293
1,321

COVID-19 Confirmed Cases, by Zip Code
Zip

29080
29081
29082
29101
29102
29104
29105
29107
29108
29111
29112
29113
29114
29115
29118
29122
29123
29125
29126
29127
29128
29129
29130
29133
29135
29137
29138
29142
29145
29146
29148
29150
29152
29153
29154
29160
29161
29162
29163
29164
29166
29168
29169

Rep. Cases

Est. Cases

Total Cases

52
13
12
22
318
15
16
33
280
15
98
25
30
532
225
0
66
47
18
102
118
22
155
14
138
23
285
95
4
9
102
633
9
247
382
77
129
52
32
40
2
41
357

319
80
74
135
1,953
92
98
203
1,720
92
602
154
184
3,268
1,382
6
405
289
111
627
725
135
952
86
848
141
1,751
584
25
55
627
3,888
55
1,517
2,347
473
792
319
197
246
12
252
2,193

371
93
86
157
2,271
107
114
236
2,000
107
700
179
214
3,800
1,607
6
471
336
129
729
843
157
1,107
100
986
164
2,036
679
29
64
729
4,521
64
1,764
2,729
550
921
371
229
286
14
293
2,550

COVID-19 Confirmed Cases, by Zip Code
Zip

29170
29172
29175
29178
29180
29201
29203
29204
29205
29206
29207
29208
29209
29210
29212
29223
29229
29301
29302
29303
29306
29307
29316
29321
29322
29323
29325
29330
29332
29333
29334
29335
29340
29341
29346
29349
29351
29353
29355
29356
29360
29365
29369

Rep. Cases

Est. Cases

Total Cases

249
92
1
29
204
410
581
230
312
230
385
8
377
670
252
764
552
310
161
271
143
137
245
18
56
138
340
58
32
11
169
46
113
147
2
317
12
24
10
54
274
141
105

1,530
565
6
178
1,253
2,519
3,569
1,413
1,917
1,413
2,365
49
2,316
4,116
1,548
4,693
3,391
1,904
989
1,665
878
842
1,505
111
344
848
2,089
356
197
68
1,038
283
694
903
12
1,947
74
147
61
332
1,683
866
645

1,779
657
7
207
1,457
2,929
4,150
1,643
2,229
1,643
2,750
57
2,693
4,786
1,800
5,457
3,943
2,214
1,150
1,936
1,021
979
1,750
129
400
986
2,429
414
229
79
1,207
329
807
1,050
14
2,264
86
171
71
386
1,957
1,007
750

COVID-19 Confirmed Cases, by Zip Code
Zip

29370
29372
29374
29375
29376
29377
29379
29384
29385
29388
29401
29403
29404
29405
29406
29407
29409
29410
29412
29414
29418
29420
29424
29425
29426
29429
29431
29432
29434
29435
29436
29437
29438
29439
29440
29445
29446
29448
29449
29450
29451
29452
29453

Rep. Cases

Est. Cases

Total Cases

13
45
35
3
83
0
132
30
107
129
215
1,116
19
740
853
714
7
381
762
698
586
450
0
0
33
59
47
27
1
58
34
38
37
31
352
918
10
18
202
45
33
6
14

80
276
215
18
510
6
811
184
657
792
1,321
6,855
117
4,546
5,240
4,386
43
2,340
4,681
4,288
3,600
2,764
6
6
203
362
289
166
6
356
209
233
227
190
2,162
5,639
61
111
1,241
276
203
37
86

93
321
250
21
593
6
943
214
764
921
1,536
7,971
136
5,286
6,093
5,100
50
2,721
5,443
4,986
4,186
3,214
6
6
236
421
336
193
7
414
243
271
264
221
2,514
6,557
71
129
1,443
321
236
43
100

COVID-19 Confirmed Cases, by Zip Code
Zip

29455
29456
29458
29461
29464
29466
29468
29469
29470
29471
29472
29474
29475
29477
29479
29481
29482
29483
29485
29486
29487
29488
29492
29493
29501
29505
29506
29510
29511
29512
29516
29518
29519
29520
29525
29526
29527
29530
29532
29536
29540
29541
29543

Rep. Cases

Est. Cases

Total Cases

475
533
32
487
989
453
13
8
84
21
92
17
22
69
77
50
28
650
557
314
59
349
205
3
661
325
253
109
73
217
7
21
13
234
28
825
339
36
261
217
54
108
16

2,918
3,274
197
2,992
6,075
2,783
80
49
516
129
565
104
135
424
473
307
172
3,993
3,422
1,929
362
2,144
1,259
18
4,060
1,996
1,554
670
448
1,333
43
129
80
1,437
172
5,068
2,082
221
1,603
1,333
332
663
98

3,393
3,807
229
3,479
7,064
3,236
93
57
600
150
657
121
157
493
550
357
200
4,643
3,979
2,243
421
2,493
1,464
21
4,721
2,321
1,807
779
521
1,550
50
150
93
1,671
200
5,893
2,421
257
1,864
1,550
386
771
114

COVID-19 Confirmed Cases, by Zip Code
Zip

29544
29545
29546
29547
29550
29554
29555
29556
29560
29563
29564
29565
29566
29567
29568
29569
29570
29571
29572
29574
29575
29576
29577
29579
29580
29581
29582
29583
29584
29585
29588
29590
29591
29592
29593
29594
29596
29601
29605
29607
29609
29611
29615

Rep. Cases

Est. Cases

Total Cases

65
31
29
46
274
162
43
287
183
36
5
92
357
11
315
374
37
172
224
132
316
543
785
968
19
48
360
45
17
243
995
24
69
13
6
1
24
298
721
624
504
894
467

399
190
178
283
1,683
995
264
1,763
1,124
221
31
565
2,193
68
1,935
2,297
227
1,057
1,376
811
1,941
3,336
4,822
5,946
117
295
2,211
276
104
1,493
6,112
147
424
80
37
6
147
1,831
4,429
3,833
3,096
5,492
2,869

464
221
207
329
1,957
1,157
307
2,050
1,307
257
36
657
2,550
79
2,250
2,671
264
1,229
1,600
943
2,257
3,879
5,607
6,914
136
343
2,571
321
121
1,736
7,107
171
493
93
43
7
171
2,129
5,150
4,457
3,600
6,386
3,336

COVID-19 Confirmed Cases, by Zip Code
Zip

29617
29620
29621
29624
29625
29626
29627
29628
29630
29631
29634
29635
29638
29639
29640
29642
29643
29644
29645
29646
29649
29650
29651
29653
29654
29655
29657
29658
29661
29662
29664
29665
29666
29667
29669
29670
29671
29672
29673
29676
29678
29680
29681

Rep. Cases

Est. Cases

Total Cases

635
73
367
117
166
91
103
18
124
229
20
10
10
3
321
360
16
217
108
528
288
427
590
53
50
38
123
1
58
174
4
1
53
6
123
65
109
67
369
25
181
382
597

3,901
448
2,254
719
1,020
559
633
111
762
1,407
123
61
61
18
1,972
2,211
98
1,333
663
3,243
1,769
2,623
3,624
326
307
233
756
6
356
1,069
25
6
326
37
756
399
670
412
2,267
154
1,112
2,347
3,667

4,536
521
2,621
836
1,186
650
736
129
886
1,636
143
71
71
21
2,293
2,571
114
1,550
771
3,771
2,057
3,050
4,214
379
357
271
879
7
414
1,243
29
7
379
43
879
464
779
479
2,636
179
1,293
2,729
4,264

COVID-19 Confirmed Cases, by Zip Code
Zip

29682
29683
29684
29685
29686
29687
29689
29690
29691
29692
29693
29696
29697
29702
29704
29706
29707
29708
29709
29710
29712
29714
29715
29717
29718
29720
29726
29727
29728
29729
29730
29732
29741
29742
29743
29745
29801
29803
29805
29809
29810
29812
29817

Rep. Cases

Est. Cases

Total Cases

27
1
23
8
2
532
20
185
108
36
67
33
132
32
29
179
153
238
60
270
19
36
279
9
31
494
4
14
96
29
524
519
13
11
7
248
162
165
28
15
63
75
74

166
6
141
49
12
3,268
123
1,136
663
221
412
203
811
197
178
1,100
940
1,462
369
1,659
117
221
1,714
55
190
3,035
25
86
590
178
3,219
3,188
80
68
43
1,523
995
1,014
172
92
387
461
455

193
7
164
57
14
3,800
143
1,321
771
257
479
236
943
229
207
1,279
1,093
1,700
429
1,929
136
257
1,993
64
221
3,529
29
100
686
207
3,743
3,707
93
79
50
1,771
1,157
1,179
200
107
450
536
529

COVID-19 Confirmed Cases, by Zip Code
Zip

29819
29821
29824
29827
29828
29829
29831
29832
29835
29836
29838
29840
29841
29842
29843
29845
29847
29848
29849
29851
29853
29856
29860
29902
29904
29906
29907
29909
29910
29911
29912
29915
29916
29918
29920
29921
29922
29923
29924
29926
29927
29928
29929

Rep. Cases

Est. Cases

Total Cases

10
5
44
40
6
57
16
42
56
2
3
3
213
43
7
2
30
5
2
37
31
10
91
419
15
222
111
127
630
8
1
1
2
35
91
0
5
6
38
312
155
151
7

61
31
270
246
37
350
98
258
344
12
18
18
1,308
264
43
12
184
31
12
227
190
61
559
2,574
92
1,364
682
780
3,870
49
6
6
12
215
559
6
31
37
233
1,917
952
928
43

71
36
314
286
43
407
114
300
400
14
21
21
1,521
307
50
14
214
36
14
264
221
71
650
2,993
107
1,586
793
907
4,500
57
7
7
14
250
650
6
36
43
271
2,229
1,107
1,079
50

COVID-19 Confirmed Cases, by Zip Code
Zip

29932
29934
29935
29936
29940
29941
29943
29944
29945

Rep. Cases

Est. Cases

Total Cases

1
11
37
146
41
1
5
33
54

6
68
227
897
252
6
31
203
332

7
79
264
1,043
293
7
36
236
386

