COVID-19 Cases, by Zip Code
Reported Cases
0 Cases
1 - 10 Cases
11 - 24 Cases
25-49 Cases
50-100 Cases
>100 Cases

© OpenStreetMap

COVID-19 Cases by Zip Code
Zip

29001
29003
29006
29009
29010
29014
29015
29016
29018
29020
29030
29031
29032
29033
29036
29037
29038
29039
29040
29042
29044
29045
29047
29048
29051
29052
29053
29054
29055
29056
29058
29059
29061
29063
29065
29067
29069
29070
29072
29073
29074
29075
29078

Rep. Cases

Est. Cases

Total Cases

14
23
35
12
204
13
15
100
7
184
15
2
20
42
89
2
7
14
41
24
22
176
43
16
11
7
100
31
42
9
10
19
57
121
3
22
21
49
243
154
0
10
78

86
141
215
74
1,253
80
92
614
43
1,130
92
12
123
258
547
12
43
86
252
147
135
1,081
264
98
68
43
614
190
258
55
61
117
350
743
18
135
129
301
1,493
946
6
61
479

100
164
250
86
1,457
93
107
714
50
1,314
107
14
143
300
636
14
50
100
293
171
157
1,257
307
114
79
50
714
221
300
64
71
136
407
864
21
157
150
350
1,736
1,100
6
71
557

COVID-19 Cases by Zip Code
Zip

29080
29081
29082
29101
29102
29104
29105
29107
29108
29111
29112
29113
29114
29115
29118
29122
29123
29125
29126
29127
29128
29129
29130
29133
29135
29137
29138
29142
29145
29146
29148
29150
29152
29153
29154
29160
29161
29162
29163
29164
29166
29168
29169

Rep. Cases

Est. Cases

Total Cases

27
0
4
13
219
8
3
12
61
4
36
1
13
158
51
0
16
19
2
21
62
11
124
2
29
13
154
25
1
3
76
229
3
85
169
31
49
17
16
18
0
18
177

166
6
25
80
1,345
49
18
74
375
25
221
6
80
971
313
6
98
117
12
129
381
68
762
12
178
80
946
154
6
18
467
1,407
18
522
1,038
190
301
104
98
111
6
111
1,087

193
6
29
93
1,564
57
21
86
436
29
257
7
93
1,129
364
6
114
136
14
150
443
79
886
14
207
93
1,100
179
7
21
543
1,636
21
607
1,207
221
350
121
114
129
6
129
1,264

COVID-19 Cases by Zip Code
Zip

29170
29172
29175
29178
29180
29201
29203
29204
29205
29206
29207
29208
29209
29210
29212
29223
29229
29301
29302
29303
29306
29307
29316
29321
29322
29323
29325
29330
29332
29333
29334
29335
29340
29341
29346
29349
29351
29353
29355
29356
29360
29365
29369

Rep. Cases

Est. Cases

Total Cases

118
44
1
6
81
235
199
103
124
92
177
3
140
180
86
386
275
112
53
123
54
46
72
2
17
36
73
20
2
0
59
7
29
49
0
141
2
4
6
21
47
42
35

725
270
6
37
498
1,444
1,222
633
762
565
1,087
18
860
1,106
528
2,371
1,689
688
326
756
332
283
442
12
104
221
448
123
12
6
362
43
178
301
6
866
12
25
37
129
289
258
215

843
314
7
43
579
1,679
1,421
736
886
657
1,264
21
1,000
1,286
614
2,757
1,964
800
379
879
386
329
514
14
121
257
521
143
14
6
421
50
207
350
6
1,007
14
29
43
150
336
300
250

COVID-19 Cases by Zip Code
Zip

29370
29372
29374
29375
29376
29377
29379
29384
29385
29388
29401
29403
29404
29405
29406
29407
29409
29410
29412
29414
29418
29420
29424
29425
29426
29429
29431
29432
29434
29435
29436
29437
29438
29439
29440
29445
29446
29448
29449
29450
29451
29452
29453

Rep. Cases

Est. Cases

Total Cases

3
13
11
1
27
0
39
4
61
36
40
110
5
66
139
91
2
98
69
94
87
79
0
54
4
11
3
7
0
16
6
1
1
3
74
110
3
3
22
5
8
2
2

18
80
68
6
166
6
240
25
375
221
246
676
31
405
854
559
12
602
424
577
534
485
6
332
25
68
18
43
6
98
37
6
6
18
455
676
18
18
135
31
49
12
12

21
93
79
7
193
6
279
29
436
257
286
786
36
471
993
650
14
700
493
671
621
564
6
386
29
79
21
50
6
114
43
7
7
21
529
786
21
21
157
36
57
14
14

COVID-19 Cases by Zip Code
Zip

29455
29456
29458
29461
29464
29466
29468
29469
29470
29471
29472
29474
29475
29477
29479
29481
29482
29483
29485
29486
29487
29488
29492
29493
29501
29505
29506
29510
29511
29512
29516
29518
29519
29520
29525
29526
29527
29530
29532
29536
29540
29541
29543

Rep. Cases

Est. Cases

Total Cases

52
87
8
94
121
94
2
1
10
5
6
2
7
12
18
21
8
103
85
53
5
144
20
2
284
134
118
19
21
154
6
13
0
161
15
136
92
16
172
115
35
45
3

319
534
49
577
743
577
12
6
61
31
37
12
43
74
111
129
49
633
522
326
31
885
123
12
1,745
823
725
117
129
946
37
80
6
989
92
835
565
98
1,057
706
215
276
18

371
621
57
671
864
671
14
7
71
36
43
14
50
86
129
150
57
736
607
379
36
1,029
143
14
2,029
957
843
136
150
1,100
43
93
6
1,150
107
971
657
114
1,229
821
250
321
21

COVID-19 Cases by Zip Code
Zip

29544
29545
29546
29547
29550
29554
29555
29556
29560
29563
29564
29565
29566
29567
29568
29569
29570
29571
29572
29574
29575
29576
29577
29579
29580
29581
29582
29583
29584
29585
29588
29590
29591
29592
29593
29594
29596
29601
29605
29607
29609
29611
29615

Rep. Cases

Est. Cases

Total Cases

10
12
9
19
125
58
19
184
89
16
4
39
68
6
135
167
21
51
41
43
48
70
129
159
11
23
72
26
13
65
123
13
43
7
3
0
12
104
324
169
221
489
137

61
74
55
117
768
356
117
1,130
547
98
25
240
418
37
829
1,026
129
313
252
264
295
430
792
977
68
141
442
160
80
399
756
80
264
43
18
6
74
639
1,990
1,038
1,358
3,004
842

71
86
64
136
893
414
136
1,314
636
114
29
279
486
43
964
1,193
150
364
293
307
343
500
921
1,136
79
164
514
186
93
464
879
93
307
50
21
6
86
743
2,314
1,207
1,579
3,493
979

COVID-19 Cases by Zip Code
Zip

29617
29620
29621
29624
29625
29626
29627
29628
29630
29631
29634
29635
29638
29639
29640
29642
29643
29644
29645
29646
29649
29650
29651
29653
29654
29655
29657
29658
29661
29662
29664
29665
29666
29667
29669
29670
29671
29672
29673
29676
29678
29680
29681

Rep. Cases

Est. Cases

Total Cases

309
48
81
36
45
18
30
6
9
12
0
4
2
2
109
119
1
65
28
166
105
145
219
15
17
17
32
0
23
50
0
0
19
0
46
11
41
10
133
7
29
107
157

1,898
295
498
221
276
111
184
37
55
74
6
25
12
12
670
731
6
399
172
1,020
645
891
1,345
92
104
104
197
6
141
307
6
6
117
6
283
68
252
61
817
43
178
657
964

2,207
343
579
257
321
129
214
43
64
86
6
29
14
14
779
850
7
464
200
1,186
750
1,036
1,564
107
121
121
229
6
164
357
6
6
136
6
329
79
293
71
950
50
207
764
1,121

COVID-19 Cases by Zip Code
Zip

29682
29683
29684
29685
29686
29687
29689
29690
29691
29692
29693
29696
29697
29702
29704
29706
29707
29708
29709
29710
29712
29714
29715
29717
29718
29720
29726
29727
29728
29729
29730
29732
29741
29742
29743
29745
29801
29803
29805
29809
29810
29812
29817

Rep. Cases

Est. Cases

Total Cases

8
1
6
2
0
196
4
57
21
11
17
5
35
9
7
43
54
67
36
94
7
14
89
5
18
193
1
6
40
8
158
176
5
4
2
61
34
42
3
3
16
22
26

49
6
37
12
6
1,204
25
350
129
68
104
31
215
55
43
264
332
412
221
577
43
86
547
31
111
1,186
6
37
246
49
971
1,081
31
25
12
375
209
258
18
18
98
135
160

57
7
43
14
6
1,400
29
407
150
79
121
36
250
64
50
307
386
479
257
671
50
100
636
36
129
1,379
7
43
286
57
1,129
1,257
36
29
14
436
243
300
21
21
114
157
186

COVID-19 Cases by Zip Code
Zip

29819
29821
29824
29827
29828
29829
29831
29832
29835
29836
29838
29840
29841
29842
29843
29845
29847
29848
29849
29851
29853
29856
29860
29902
29904
29906
29907
29909
29910
29911
29912
29915
29916
29918
29920
29921
29922
29923
29924
29926
29927
29928
29929

Rep. Cases

Est. Cases

Total Cases

2
0
12
17
0
21
5
26
10
0
1
0
62
9
0
0
9
3
2
10
10
2
23
130
1
73
36
32
163
2
1
1
2
10
29
0
3
1
13
94
27
35
4

12
6
74
104
6
129
31
160
61
6
6
6
381
55
6
6
55
18
12
61
61
12
141
799
6
448
221
197
1,001
12
6
6
12
61
178
6
18
6
80
577
166
215
25

14
6
86
121
6
150
36
186
71
6
7
6
443
64
6
6
64
21
14
71
71
14
164
929
7
521
257
229
1,164
14
7
7
14
71
207
6
21
7
93
671
193
250
29

COVID-19 Cases by Zip Code
Zip

29932
29934
29935
29936
29940
29941
29943
29944
29945

Rep. Cases

Est. Cases

Total Cases

1
2
11
25
4
1
1
10
19

6
12
68
154
25
6
6
61
117

7
14
79
179
29
7
7
71
136

