COVID-19 Confirmed Cases, by Zip Code
Reported Cases
0 Cases
1 - 10 Cases
11 - 24 Cases
25-49 Cases
50-100 Cases
>100 Cases

© OpenStreetMap

COVID-19 Confirmed Cases, by Zip Code
Zip

29001
29003
29006
29009
29010
29014
29015
29016
29018
29020
29030
29031
29032
29033
29036
29037
29038
29039
29040
29042
29044
29045
29047
29048
29051
29052
29053
29054
29055
29056
29058
29059
29061
29063
29065
29067
29069
29070
29072
29073
29074
29075
29078

Rep. Cases

Est. Cases

Total Cases

30
155
119
20
291
25
30
224
55
369
45
6
42
179
276
8
30
48
104
79
59
324
88
51
15
24
287
108
55
21
26
84
147
367
9
67
55
169
661
496
1
42
189

184
952
731
123
1,788
154
184
1,376
338
2,267
276
37
258
1,100
1,695
49
184
295
639
485
362
1,990
541
313
92
147
1,763
663
338
129
160
516
903
2,254
55
412
338
1,038
4,060
3,047
6
258
1,161

214
1,107
850
143
2,079
179
214
1,600
393
2,636
321
43
300
1,279
1,971
57
214
343
743
564
421
2,314
629
364
107
171
2,050
771
393
150
186
600
1,050
2,621
64
479
393
1,207
4,721
3,543
7
300
1,350

COVID-19 Confirmed Cases, by Zip Code
Zip

29080
29081
29082
29101
29102
29104
29105
29107
29108
29111
29112
29113
29114
29115
29118
29122
29123
29125
29126
29127
29128
29129
29130
29133
29135
29137
29138
29142
29145
29146
29148
29150
29152
29153
29154
29160
29161
29162
29163
29164
29166
29168
29169

Rep. Cases

Est. Cases

Total Cases

52
13
12
24
327
16
16
34
298
16
100
24
31
543
234
0
71
49
18
102
119
23
158
15
138
23
291
97
4
9
102
649
9
258
395
77
134
54
34
41
3
43
370

319
80
74
147
2,009
98
98
209
1,831
98
614
147
190
3,336
1,437
6
436
301
111
627
731
141
971
92
848
141
1,788
596
25
55
627
3,987
55
1,585
2,426
473
823
332
209
252
18
264
2,273

371
93
86
171
2,336
114
114
243
2,129
114
714
171
221
3,879
1,671
6
507
350
129
729
850
164
1,129
107
986
164
2,079
693
29
64
729
4,636
64
1,843
2,821
550
957
386
243
293
21
307
2,643

COVID-19 Confirmed Cases, by Zip Code
Zip

29170
29172
29175
29178
29180
29201
29203
29204
29205
29206
29207
29208
29209
29210
29212
29223
29229
29301
29302
29303
29306
29307
29316
29321
29322
29323
29325
29330
29332
29333
29334
29335
29340
29341
29346
29349
29351
29353
29355
29356
29360
29365
29369

Rep. Cases

Est. Cases

Total Cases

256
94
1
32
205
419
600
234
319
234
395
8
396
690
264
775
576
313
164
275
144
140
249
18
56
141
346
58
33
11
173
46
117
149
2
319
13
25
10
57
283
144
106

1,573
577
6
197
1,259
2,574
3,686
1,437
1,960
1,437
2,426
49
2,433
4,239
1,622
4,761
3,538
1,923
1,007
1,689
885
860
1,530
111
344
866
2,125
356
203
68
1,063
283
719
915
12
1,960
80
154
61
350
1,738
885
651

1,829
671
7
229
1,464
2,993
4,286
1,671
2,279
1,671
2,821
57
2,829
4,929
1,886
5,536
4,114
2,236
1,171
1,964
1,029
1,000
1,779
129
400
1,007
2,471
414
236
79
1,236
329
836
1,064
14
2,279
93
179
71
407
2,021
1,029
757

COVID-19 Confirmed Cases, by Zip Code
Zip

29370
29372
29374
29375
29376
29377
29379
29384
29385
29388
29401
29403
29404
29405
29406
29407
29409
29410
29412
29414
29418
29420
29424
29425
29426
29429
29431
29432
29434
29435
29436
29437
29438
29439
29440
29445
29446
29448
29449
29450
29451
29452
29453

Rep. Cases

Est. Cases

Total Cases

14
47
37
3
85
0
134
30
108
131
217
1,125
19
749
860
727
7
388
777
717
595
459
0
0
35
59
51
27
2
58
34
39
39
31
356
939
11
18
204
45
33
6
15

86
289
227
18
522
6
823
184
663
805
1,333
6,911
117
4,601
5,283
4,466
43
2,383
4,773
4,404
3,655
2,820
6
6
215
362
313
166
12
356
209
240
240
190
2,187
5,768
68
111
1,253
276
203
37
92

100
336
264
21
607
6
957
214
771
936
1,550
8,036
136
5,350
6,143
5,193
50
2,771
5,550
5,121
4,250
3,279
6
6
250
421
364
193
14
414
243
279
279
221
2,543
6,707
79
129
1,457
321
236
43
107

COVID-19 Confirmed Cases, by Zip Code
Zip

29455
29456
29458
29461
29464
29466
29468
29469
29470
29471
29472
29474
29475
29477
29479
29481
29482
29483
29485
29486
29487
29488
29492
29493
29501
29505
29506
29510
29511
29512
29516
29518
29519
29520
29525
29526
29527
29530
29532
29536
29540
29541
29543

Rep. Cases

Est. Cases

Total Cases

480
543
32
506
997
460
16
8
84
21
94
17
22
70
79
52
28
671
570
316
60
353
207
3
665
327
259
113
74
218
7
21
13
235
29
836
352
36
263
217
54
109
16

2,949
3,336
197
3,108
6,124
2,826
98
49
516
129
577
104
135
430
485
319
172
4,122
3,501
1,941
369
2,168
1,272
18
4,085
2,009
1,591
694
455
1,339
43
129
80
1,444
178
5,135
2,162
221
1,616
1,333
332
670
98

3,429
3,879
229
3,614
7,121
3,286
114
57
600
150
671
121
157
500
564
371
200
4,793
4,071
2,257
429
2,521
1,479
21
4,750
2,336
1,850
807
529
1,557
50
150
93
1,679
207
5,971
2,514
257
1,879
1,550
386
779
114

COVID-19 Confirmed Cases, by Zip Code
Zip

29544
29545
29546
29547
29550
29554
29555
29556
29560
29563
29564
29565
29566
29567
29568
29569
29570
29571
29572
29574
29575
29576
29577
29579
29580
29581
29582
29583
29584
29585
29588
29590
29591
29592
29593
29594
29596
29601
29605
29607
29609
29611
29615

Rep. Cases

Est. Cases

Total Cases

69
32
29
46
279
164
44
294
183
36
5
92
359
11
315
377
37
176
227
136
319
549
791
971
19
48
362
46
17
245
1,001
24
69
13
6
1
24
302
733
640
519
904
481

424
197
178
283
1,714
1,007
270
1,806
1,124
221
31
565
2,205
68
1,935
2,316
227
1,081
1,394
835
1,960
3,372
4,859
5,965
117
295
2,224
283
104
1,505
6,149
147
424
80
37
6
147
1,855
4,503
3,931
3,188
5,553
2,955

493
229
207
329
1,993
1,171
314
2,100
1,307
257
36
657
2,564
79
2,250
2,693
264
1,257
1,621
971
2,279
3,921
5,650
6,936
136
343
2,586
329
121
1,750
7,150
171
493
93
43
7
171
2,157
5,236
4,571
3,707
6,457
3,436

COVID-19 Confirmed Cases, by Zip Code
Zip

29617
29620
29621
29624
29625
29626
29627
29628
29630
29631
29634
29635
29638
29639
29640
29642
29643
29644
29645
29646
29649
29650
29651
29653
29654
29655
29657
29658
29661
29662
29664
29665
29666
29667
29669
29670
29671
29672
29673
29676
29678
29680
29681

Rep. Cases

Est. Cases

Total Cases

642
74
379
125
178
95
106
20
128
232
20
10
10
4
329
369
16
221
111
538
303
432
601
55
51
40
130
1
59
179
4
1
54
6
129
67
115
70
388
27
189
387
613

3,944
455
2,328
768
1,093
584
651
123
786
1,425
123
61
61
25
2,021
2,267
98
1,358
682
3,305
1,861
2,654
3,692
338
313
246
799
6
362
1,100
25
6
332
37
792
412
706
430
2,383
166
1,161
2,377
3,766

4,586
529
2,707
893
1,271
679
757
143
914
1,657
143
71
71
29
2,350
2,636
114
1,579
793
3,843
2,164
3,086
4,293
393
364
286
929
7
421
1,279
29
7
386
43
921
479
821
500
2,771
193
1,350
2,764
4,379

COVID-19 Confirmed Cases, by Zip Code
Zip

29682
29683
29684
29685
29686
29687
29689
29690
29691
29692
29693
29696
29697
29702
29704
29706
29707
29708
29709
29710
29712
29714
29715
29717
29718
29720
29726
29727
29728
29729
29730
29732
29741
29742
29743
29745
29801
29803
29805
29809
29810
29812
29817

Rep. Cases

Est. Cases

Total Cases

29
1
24
10
2
541
21
190
116
37
74
38
137
32
30
190
153
241
61
272
19
36
280
10
32
502
4
14
96
29
528
524
13
11
7
250
180
177
31
15
65
77
77

178
6
147
61
12
3,323
129
1,167
713
227
455
233
842
197
184
1,167
940
1,480
375
1,671
117
221
1,720
61
197
3,084
25
86
590
178
3,243
3,219
80
68
43
1,536
1,106
1,087
190
92
399
473
473

207
7
171
71
14
3,864
150
1,357
829
264
529
271
979
229
214
1,357
1,093
1,721
436
1,943
136
257
2,000
71
229
3,586
29
100
686
207
3,771
3,743
93
79
50
1,786
1,286
1,264
221
107
464
550
550

COVID-19 Confirmed Cases, by Zip Code
Zip

29819
29821
29824
29827
29828
29829
29831
29832
29835
29836
29838
29840
29841
29842
29843
29845
29847
29848
29849
29851
29853
29856
29860
29902
29904
29906
29907
29909
29910
29911
29912
29915
29916
29918
29920
29921
29922
29923
29924
29926
29927
29928
29929

Rep. Cases

Est. Cases

Total Cases

10
5
45
40
7
63
16
46
57
2
3
3
228
44
7
2
30
5
2
39
32
10
96
429
15
233
113
131
642
8
1
1
2
36
94
0
5
6
42
316
160
153
8

61
31
276
246
43
387
98
283
350
12
18
18
1,401
270
43
12
184
31
12
240
197
61
590
2,635
92
1,431
694
805
3,944
49
6
6
12
221
577
6
31
37
258
1,941
983
940
49

71
36
321
286
50
450
114
329
407
14
21
21
1,629
314
50
14
214
36
14
279
229
71
686
3,064
107
1,664
807
936
4,586
57
7
7
14
257
671
6
36
43
300
2,257
1,143
1,093
57

COVID-19 Confirmed Cases, by Zip Code
Zip

29932
29934
29935
29936
29940
29941
29943
29944
29945

Rep. Cases

Est. Cases

Total Cases

1
12
38
150
44
1
5
33
55

6
74
233
921
270
6
31
203
338

7
86
271
1,071
314
7
36
236
393

