COVID-19 Confirmed Cases, by Zip Code
Reported Cases
0 Cases
1 - 10 Cases
11 - 24 Cases
25-49 Cases
50-100 Cases
>100 Cases

© OpenStreetMap

COVID-19 Confirmed Cases, by Zip Code
Zip

29001
29003
29006
29009
29010
29014
29015
29016
29018
29020
29030
29031
29032
29033
29036
29037
29038
29039
29040
29042
29044
29045
29047
29048
29051
29052
29053
29054
29055
29056
29058
29059
29061
29063
29065
29067
29069
29070
29072
29073
29074
29075
29078

Rep. Cases

Est. Cases

Total Cases

18
82
73
15
244
16
24
155
27
280
31
2
29
105
169
3
14
25
81
45
39
252
61
26
14
17
188
71
48
16
17
44
99
235
5
49
31
101
441
302
1
26
143

111
504
448
92
1,499
98
147
952
166
1,720
190
12
178
645
1,038
18
86
154
498
276
240
1,548
375
160
86
104
1,155
436
295
98
104
270
608
1,444
31
301
190
620
2,709
1,855
6
160
878

129
586
521
107
1,743
114
171
1,107
193
2,000
221
14
207
750
1,207
21
100
179
579
321
279
1,800
436
186
100
121
1,343
507
343
114
121
314
707
1,679
36
350
221
721
3,150
2,157
7
186
1,021

COVID-19 Confirmed Cases, by Zip Code
Zip

29080
29081
29082
29101
29102
29104
29105
29107
29108
29111
29112
29113
29114
29115
29118
29122
29123
29125
29126
29127
29128
29129
29130
29133
29135
29137
29138
29142
29145
29146
29148
29150
29152
29153
29154
29160
29161
29162
29163
29164
29166
29168
29169

Rep. Cases

Est. Cases

Total Cases

36
9
8
17
261
12
13
22
168
8
56
4
14
341
121
0
33
34
11
55
102
14
133
9
65
16
199
58
1
6
91
418
4
159
288
56
77
37
24
28
1
28
269

221
55
49
104
1,603
74
80
135
1,032
49
344
25
86
2,095
743
6
203
209
68
338
627
86
817
55
399
98
1,222
356
6
37
559
2,568
25
977
1,769
344
473
227
147
172
6
172
1,652

257
64
57
121
1,864
86
93
157
1,200
57
400
29
100
2,436
864
6
236
243
79
393
729
100
950
64
464
114
1,421
414
7
43
650
2,986
29
1,136
2,057
400
550
264
171
200
7
200
1,921

COVID-19 Confirmed Cases, by Zip Code
Zip

29170
29172
29175
29178
29180
29201
29203
29204
29205
29206
29207
29208
29209
29210
29212
29223
29229
29301
29302
29303
29306
29307
29316
29321
29322
29323
29325
29330
29332
29333
29334
29335
29340
29341
29346
29349
29351
29353
29355
29356
29360
29365
29369

Rep. Cases

Est. Cases

Total Cases

195
69
1
16
130
355
337
167
234
177
272
8
249
356
152
578
400
197
110
161
91
81
137
10
33
83
236
40
11
2
99
23
50
87
2
211
6
10
9
41
163
74
70

1,198
424
6
98
799
2,181
2,070
1,026
1,437
1,087
1,671
49
1,530
2,187
934
3,551
2,457
1,210
676
989
559
498
842
61
203
510
1,450
246
68
12
608
141
307
534
12
1,296
37
61
55
252
1,001
455
430

1,393
493
7
114
929
2,536
2,407
1,193
1,671
1,264
1,943
57
1,779
2,543
1,086
4,129
2,857
1,407
786
1,150
650
579
979
71
236
593
1,686
286
79
14
707
164
357
621
14
1,507
43
71
64
293
1,164
529
500

COVID-19 Confirmed Cases, by Zip Code
Zip

29370
29372
29374
29375
29376
29377
29379
29384
29385
29388
29401
29403
29404
29405
29406
29407
29409
29410
29412
29414
29418
29420
29424
29425
29426
29429
29431
29432
29434
29435
29436
29437
29438
29439
29440
29445
29446
29448
29449
29450
29451
29452
29453

Rep. Cases

Est. Cases

Total Cases

4
26
23
2
42
0
74
16
81
69
141
733
14
366
463
383
5
249
420
376
315
236
0
0
12
37
16
16
0
34
15
12
17
20
186
450
6
10
77
19
25
3
5

25
160
141
12
258
6
455
98
498
424
866
4,503
86
2,248
2,844
2,353
31
1,530
2,580
2,310
1,935
1,450
6
6
74
227
98
98
6
209
92
74
104
123
1,143
2,764
37
61
473
117
154
18
31

29
186
164
14
300
6
529
114
579
493
1,007
5,236
100
2,614
3,307
2,736
36
1,779
3,000
2,686
2,250
1,686
6
6
86
264
114
114
6
243
107
86
121
143
1,329
3,214
43
71
550
136
179
21
36

COVID-19 Confirmed Cases, by Zip Code
Zip

29455
29456
29458
29461
29464
29466
29468
29469
29470
29471
29472
29474
29475
29477
29479
29481
29482
29483
29485
29486
29487
29488
29492
29493
29501
29505
29506
29510
29511
29512
29516
29518
29519
29520
29525
29526
29527
29530
29532
29536
29540
29541
29543

Rep. Cases

Est. Cases

Total Cases

241
283
18
244
574
285
7
5
43
8
38
4
12
29
35
37
20
328
286
164
27
231
100
3
448
222
174
51
44
196
7
14
5
190
24
500
205
31
204
157
45
66
11

1,480
1,738
111
1,499
3,526
1,751
43
31
264
49
233
25
74
178
215
227
123
2,015
1,757
1,007
166
1,419
614
18
2,752
1,364
1,069
313
270
1,204
43
86
31
1,167
147
3,071
1,259
190
1,253
964
276
405
68

1,721
2,021
129
1,743
4,100
2,036
50
36
307
57
271
29
86
207
250
264
143
2,343
2,043
1,171
193
1,650
714
21
3,200
1,586
1,243
364
314
1,400
50
100
36
1,357
171
3,571
1,464
221
1,457
1,121
321
471
79

COVID-19 Confirmed Cases, by Zip Code
Zip

29544
29545
29546
29547
29550
29554
29555
29556
29560
29563
29564
29565
29566
29567
29568
29569
29570
29571
29572
29574
29575
29576
29577
29579
29580
29581
29582
29583
29584
29585
29588
29590
29591
29592
29593
29594
29596
29601
29605
29607
29609
29611
29615

Rep. Cases

Est. Cases

Total Cases

35
17
16
36
183
118
34
225
145
25
5
75
248
9
242
261
30
102
135
97
187
305
425
565
13
33
258
34
16
165
545
18
51
11
4
0
17
208
516
374
378
719
304

215
104
98
221
1,124
725
209
1,382
891
154
31
461
1,523
55
1,487
1,603
184
627
829
596
1,149
1,874
2,611
3,471
80
203
1,585
209
98
1,014
3,348
111
313
68
25
6
104
1,278
3,170
2,297
2,322
4,417
1,867

250
121
114
257
1,307
843
243
1,607
1,036
179
36
536
1,771
64
1,729
1,864
214
729
964
693
1,336
2,179
3,036
4,036
93
236
1,843
243
114
1,179
3,893
129
364
79
29
6
121
1,486
3,686
2,671
2,700
5,136
2,171

COVID-19 Confirmed Cases, by Zip Code
Zip

29617
29620
29621
29624
29625
29626
29627
29628
29630
29631
29634
29635
29638
29639
29640
29642
29643
29644
29645
29646
29649
29650
29651
29653
29654
29655
29657
29658
29661
29662
29664
29665
29666
29667
29669
29670
29671
29672
29673
29676
29678
29680
29681

Rep. Cases

Est. Cases

Total Cases

493
54
199
65
94
52
55
10
91
200
17
6
4
3
217
223
6
138
68
298
172
293
380
30
31
23
77
0
44
93
2
1
27
1
79
39
74
34
231
18
110
238
368

3,028
332
1,222
399
577
319
338
61
559
1,229
104
37
25
18
1,333
1,370
37
848
418
1,831
1,057
1,800
2,334
184
190
141
473
6
270
571
12
6
166
6
485
240
455
209
1,419
111
676
1,462
2,261

3,521
386
1,421
464
671
371
393
71
650
1,429
121
43
29
21
1,550
1,593
43
986
486
2,129
1,229
2,093
2,714
214
221
164
550
6
314
664
14
7
193
7
564
279
529
243
1,650
129
786
1,700
2,629

COVID-19 Confirmed Cases, by Zip Code
Zip

29682
29683
29684
29685
29686
29687
29689
29690
29691
29692
29693
29696
29697
29702
29704
29706
29707
29708
29709
29710
29712
29714
29715
29717
29718
29720
29726
29727
29728
29729
29730
29732
29741
29742
29743
29745
29801
29803
29805
29809
29810
29812
29817

Rep. Cases

Est. Cases

Total Cases

18
1
16
5
1
353
12
110
66
23
42
21
77
17
16
94
94
175
43
186
14
30
174
8
23
380
2
11
74
20
318
325
10
6
3
156
78
79
9
4
31
36
36

111
6
98
31
6
2,168
74
676
405
141
258
129
473
104
98
577
577
1,075
264
1,143
86
184
1,069
49
141
2,334
12
68
455
123
1,953
1,996
61
37
18
958
479
485
55
25
190
221
221

129
7
114
36
7
2,521
86
786
471
164
300
150
550
121
114
671
671
1,250
307
1,329
100
214
1,243
57
164
2,714
14
79
529
143
2,271
2,321
71
43
21
1,114
557
564
64
29
221
257
257

COVID-19 Confirmed Cases, by Zip Code
Zip

29819
29821
29824
29827
29828
29829
29831
29832
29835
29836
29838
29840
29841
29842
29843
29845
29847
29848
29849
29851
29853
29856
29860
29902
29904
29906
29907
29909
29910
29911
29912
29915
29916
29918
29920
29921
29922
29923
29924
29926
29927
29928
29929

Rep. Cases

Est. Cases

Total Cases

3
1
20
21
0
32
7
30
15
0
1
1
113
21
1
0
17
3
2
12
19
6
45
271
6
137
69
74
368
4
1
1
2
12
51
0
3
5
25
201
95
91
5

18
6
123
129
6
197
43
184
92
6
6
6
694
129
6
6
104
18
12
74
117
37
276
1,665
37
842
424
455
2,261
25
6
6
12
74
313
6
18
31
154
1,235
584
559
31

21
7
143
150
6
229
50
214
107
6
7
7
807
150
7
6
121
21
14
86
136
43
321
1,936
43
979
493
529
2,629
29
7
7
14
86
364
6
21
36
179
1,436
679
650
36

COVID-19 Confirmed Cases, by Zip Code
Zip

29932
29934
29935
29936
29940
29941
29943
29944
29945

Rep. Cases

Est. Cases

Total Cases

1
4
23
69
13
1
2
17
28

6
25
141
424
80
6
12
104
172

7
29
164
493
93
7
14
121
200

