COVID-19 Confirmed Cases, by Zip Code
Reported Cases
0 Cases
1 - 10 Cases
11 - 24 Cases
25-49 Cases
50-100 Cases
>100 Cases

© OpenStreetMap

COVID-19 Confirmed Cases, by Zip Code
Zip

29001
29003
29006
29009
29010
29014
29015
29016
29018
29020
29030
29031
29032
29033
29036
29037
29038
29039
29040
29042
29044
29045
29047
29048
29051
29052
29053
29054
29055
29056
29058
29059
29061
29063
29065
29067
29069
29070
29072
29073
29074
29075
29078

Rep. Cases

Est. Cases

Total Cases

19
51
63
12
236
16
22
140
23
251
26
2
26
86
141
2
11
19
71
40
34
236
57
23
12
15
163
55
47
14
14
33
90
194
4
42
27
83
385
265
0
23
120

117
313
387
74
1,450
98
135
860
141
1,542
160
12
160
528
866
12
68
117
436
246
209
1,450
350
141
74
92
1,001
338
289
86
86
203
553
1,192
25
258
166
510
2,365
1,628
6
141
737

136
364
450
86
1,686
114
157
1,000
164
1,793
186
14
186
614
1,007
14
79
136
507
286
243
1,686
407
164
86
107
1,164
393
336
100
100
236
643
1,386
29
300
193
593
2,750
1,893
6
164
857

COVID-19 Confirmed Cases, by Zip Code
Zip

29080
29081
29082
29101
29102
29104
29105
29107
29108
29111
29112
29113
29114
29115
29118
29122
29123
29125
29126
29127
29128
29129
29130
29133
29135
29137
29138
29142
29145
29146
29148
29150
29152
29153
29154
29160
29161
29162
29163
29164
29166
29168
29169

Rep. Cases

Est. Cases

Total Cases

34
8
8
16
245
11
10
17
149
7
47
2
14
273
94
0
24
31
10
39
94
11
130
9
52
16
186
45
1
4
87
367
3
138
258
46
72
32
24
21
1
26
246

209
49
49
98
1,505
68
61
104
915
43
289
12
86
1,677
577
6
147
190
61
240
577
68
799
55
319
98
1,143
276
6
25
534
2,254
18
848
1,585
283
442
197
147
129
6
160
1,511

243
57
57
114
1,750
79
71
121
1,064
50
336
14
100
1,950
671
6
171
221
71
279
671
79
929
64
371
114
1,329
321
7
29
621
2,621
21
986
1,843
329
514
229
171
150
7
186
1,757

COVID-19 Confirmed Cases, by Zip Code
Zip

29170
29172
29175
29178
29180
29201
29203
29204
29205
29206
29207
29208
29209
29210
29212
29223
29229
29301
29302
29303
29306
29307
29316
29321
29322
29323
29325
29330
29332
29333
29334
29335
29340
29341
29346
29349
29351
29353
29355
29356
29360
29365
29369

Rep. Cases

Est. Cases

Total Cases

174
60
1
11
120
323
281
153
196
150
236
7
218
287
131
516
359
175
89
148
75
65
117
5
27
70
183
35
7
1
89
13
42
75
1
187
5
9
8
36
117
60
58

1,069
369
6
68
737
1,984
1,726
940
1,204
921
1,450
43
1,339
1,763
805
3,170
2,205
1,075
547
909
461
399
719
31
166
430
1,124
215
43
6
547
80
258
461
6
1,149
31
55
49
221
719
369
356

1,243
429
7
79
857
2,307
2,007
1,093
1,400
1,071
1,686
50
1,557
2,050
936
3,686
2,564
1,250
636
1,057
536
464
836
36
193
500
1,307
250
50
7
636
93
300
536
7
1,336
36
64
57
257
836
429
414

COVID-19 Confirmed Cases, by Zip Code
Zip

29370
29372
29374
29375
29376
29377
29379
29384
29385
29388
29401
29403
29404
29405
29406
29407
29409
29410
29412
29414
29418
29420
29424
29425
29426
29429
29431
29432
29434
29435
29436
29437
29438
29439
29440
29445
29446
29448
29449
29450
29451
29452
29453

Rep. Cases

Est. Cases

Total Cases

4
25
21
1
36
0
66
11
77
63
117
555
10
246
321
269
4
190
313
247
227
174
0
0
7
33
11
15
0
29
12
5
8
15
159
314
5
6
56
9
21
3
3

25
154
129
6
221
6
405
68
473
387
719
3,409
61
1,511
1,972
1,652
25
1,167
1,923
1,517
1,394
1,069
6
6
43
203
68
92
6
178
74
31
49
92
977
1,929
31
37
344
55
129
18
18

29
179
150
7
257
6
471
79
550
450
836
3,964
71
1,757
2,293
1,921
29
1,357
2,236
1,764
1,621
1,243
6
6
50
236
79
107
6
207
86
36
57
107
1,136
2,243
36
43
400
64
150
21
21

COVID-19 Confirmed Cases, by Zip Code
Zip

29455
29456
29458
29461
29464
29466
29468
29469
29470
29471
29472
29474
29475
29477
29479
29481
29482
29483
29485
29486
29487
29488
29492
29493
29501
29505
29506
29510
29511
29512
29516
29518
29519
29520
29525
29526
29527
29530
29532
29536
29540
29541
29543

Rep. Cases

Est. Cases

Total Cases

177
198
17
177
422
223
5
4
28
7
17
3
12
21
30
32
18
225
185
119
14
216
73
3
401
197
160
44
39
190
7
13
5
179
24
392
166
26
198
150
40
58
12

1,087
1,216
104
1,087
2,592
1,370
31
25
172
43
104
18
74
129
184
197
111
1,382
1,136
731
86
1,327
448
18
2,463
1,210
983
270
240
1,167
43
80
31
1,100
147
2,408
1,020
160
1,216
921
246
356
74

1,264
1,414
121
1,264
3,014
1,593
36
29
200
50
121
21
86
150
214
229
129
1,607
1,321
850
100
1,543
521
21
2,864
1,407
1,143
314
279
1,357
50
93
36
1,279
171
2,800
1,186
186
1,414
1,071
286
414
86

COVID-19 Confirmed Cases, by Zip Code
Zip

29544
29545
29546
29547
29550
29554
29555
29556
29560
29563
29564
29565
29566
29567
29568
29569
29570
29571
29572
29574
29575
29576
29577
29579
29580
29581
29582
29583
29584
29585
29588
29590
29591
29592
29593
29594
29596
29601
29605
29607
29609
29611
29615

Rep. Cases

Est. Cases

Total Cases

30
16
13
31
164
106
27
209
125
24
5
66
204
7
219
229
28
87
106
80
145
219
341
445
12
32
202
33
15
127
385
18
48
10
3
0
16
167
467
324
349
670
262

184
98
80
190
1,007
651
166
1,284
768
147
31
405
1,253
43
1,345
1,407
172
534
651
491
891
1,345
2,095
2,734
74
197
1,241
203
92
780
2,365
111
295
61
18
6
98
1,026
2,869
1,990
2,144
4,116
1,609

214
114
93
221
1,171
757
193
1,493
893
171
36
471
1,457
50
1,564
1,636
200
621
757
571
1,036
1,564
2,436
3,179
86
229
1,443
236
107
907
2,750
129
343
71
21
6
114
1,193
3,336
2,314
2,493
4,786
1,871

COVID-19 Confirmed Cases, by Zip Code
Zip

29617
29620
29621
29624
29625
29626
29627
29628
29630
29631
29634
29635
29638
29639
29640
29642
29643
29644
29645
29646
29649
29650
29651
29653
29654
29655
29657
29658
29661
29662
29664
29665
29666
29667
29669
29670
29671
29672
29673
29676
29678
29680
29681

Rep. Cases

Est. Cases

Total Cases

448
54
139
51
78
39
45
10
66
175
15
5
3
2
201
196
4
115
55
263
149
262
336
28
26
20
62
0
41
79
2
0
25
0
67
25
69
23
195
17
96
199
312

2,752
332
854
313
479
240
276
61
405
1,075
92
31
18
12
1,235
1,204
25
706
338
1,616
915
1,609
2,064
172
160
123
381
6
252
485
12
6
154
6
412
154
424
141
1,198
104
590
1,222
1,917

3,200
386
993
364
557
279
321
71
471
1,250
107
36
21
14
1,436
1,400
29
821
393
1,879
1,064
1,871
2,400
200
186
143
443
6
293
564
14
6
179
6
479
179
493
164
1,393
121
686
1,421
2,229

COVID-19 Confirmed Cases, by Zip Code
Zip

29682
29683
29684
29685
29686
29687
29689
29690
29691
29692
29693
29696
29697
29702
29704
29706
29707
29708
29709
29710
29712
29714
29715
29717
29718
29720
29726
29727
29728
29729
29730
29732
29741
29742
29743
29745
29801
29803
29805
29809
29810
29812
29817

Rep. Cases

Est. Cases

Total Cases

15
1
11
4
1
325
9
90
58
19
32
16
64
15
13
70
78
148
43
148
11
22
143
5
23
324
1
10
64
12
266
279
10
6
3
118
57
59
6
4
23
32
33

92
6
68
25
6
1,996
55
553
356
117
197
98
393
92
80
430
479
909
264
909
68
135
878
31
141
1,990
6
61
393
74
1,634
1,714
61
37
18
725
350
362
37
25
141
197
203

107
7
79
29
7
2,321
64
643
414
136
229
114
457
107
93
500
557
1,057
307
1,057
79
157
1,021
36
164
2,314
7
71
457
86
1,900
1,993
71
43
21
843
407
421
43
29
164
229
236

COVID-19 Confirmed Cases, by Zip Code
Zip

29819
29821
29824
29827
29828
29829
29831
29832
29835
29836
29838
29840
29841
29842
29843
29845
29847
29848
29849
29851
29853
29856
29860
29902
29904
29906
29907
29909
29910
29911
29912
29915
29916
29918
29920
29921
29922
29923
29924
29926
29927
29928
29929

Rep. Cases

Est. Cases

Total Cases

2
1
18
19
0
30
5
29
12
0
1
0
94
17
1
0
13
3
2
11
14
5
32
226
2
125
53
58
303
4
1
1
2
11
49
0
3
3
22
161
72
78
5

12
6
111
117
6
184
31
178
74
6
6
6
577
104
6
6
80
18
12
68
86
31
197
1,388
12
768
326
356
1,861
25
6
6
12
68
301
6
18
18
135
989
442
479
31

14
7
129
136
6
214
36
207
86
6
7
6
671
121
7
6
93
21
14
79
100
36
229
1,614
14
893
379
414
2,164
29
7
7
14
79
350
6
21
21
157
1,150
514
557
36

COVID-19 Confirmed Cases, by Zip Code
Zip

29932
29934
29935
29936
29940
29941
29943
29944
29945

Rep. Cases

Est. Cases

Total Cases

1
3
19
46
11
1
1
13
24

6
18
117
283
68
6
6
80
147

7
21
136
329
79
7
7
93
171

