COVID-19 Cases, by Zip Code
Reported Cases
0 Cases
1 - 5 Cases
6 - 15 Cases
16 - 40 Cases
>40 Cases

© OpenStreetMap

COVID-19 Cases by Zip Code
Zip

29001
29003
29006
29009
29010
29014
29015
29016
29018
29020
29030
29031
29032
29033
29036
29037
29038
29039
29040
29042
29044
29045
29047
29048
29051
29052
29053
29054
29055
29056
29058
29059
29061
29063
29065
29067
29069
29070
29072
29073
29074
29075
29078

Rep. Cases

Est. Cases

Total Cases

13
14
34
11
201
12
13
90
6
164
8
2
17
36
83
2
4
13
34
22
18
152
22
16
10
7
80
21
39
9
10
15
50
96
3
20
20
40
177
131
0
8
67

80
86
209
68
1,235
74
80
553
37
1,007
49
12
104
221
510
6
25
80
209
135
111
934
135
98
61
43
491
129
240
55
61
92
307
590
18
123
123
246
1,087
805
6
49
412

93
100
243
79
1,436
86
93
643
43
1,171
57
14
121
257
593
8
29
93
243
157
129
1,086
157
114
71
50
571
150
279
64
71
107
357
686
21
143
143
286
1,264
936
6
57
479

COVID-19 Cases by Zip Code
Zip

29080
29081
29082
29101
29102
29104
29105
29107
29108
29111
29112
29113
29114
29115
29118
29122
29123
29125
29126
29127
29128
29129
29130
29133
29135
29137
29138
29142
29145
29146
29148
29150
29152
29153
29154
29160
29161
29162
29163
29164
29166
29168
29169

Rep. Cases

Est. Cases

Total Cases

25
0
4
12
206
8
3
6
49
4
22
1
13
117
40
0
14
17
2
18
49
8
123
2
14
12
144
18
1
3
75
198
3
76
142
28
46
15
16
12
0
18
150

154
6
6
74
1,265
49
18
37
301
25
135
6
80
719
246
6
86
104
12
111
301
49
756
12
86
74
885
111
6
18
461
1,216
18
467
872
172
283
92
98
74
6
111
921

179
6
10
86
1,471
57
21
43
350
29
157
7
93
836
286
6
100
121
14
129
350
57
879
14
100
86
1,029
129
7
21
536
1,414
21
543
1,014
200
329
107
114
86
6
129
1,071

COVID-19 Cases by Zip Code
Zip

29170
29172
29175
29178
29180
29201
29203
29204
29205
29206
29207
29208
29209
29210
29212
29223
29229
29301
29302
29303
29306
29307
29316
29321
29322
29323
29325
29330
29332
29333
29334
29335
29340
29341
29346
29349
29351
29353
29355
29356
29360
29365
29369

Rep. Cases

Est. Cases

Total Cases

93
37
1
6
74
176
189
85
91
76
159
3
120
170
76
356
245
93
39
84
48
37
63
1
15
29
37
14
2
0
45
7
26
40
0
131
1
3
4
19
30
38
27

571
227
6
37
455
1,081
1,161
522
559
467
977
18
737
1,044
467
2,187
1,505
571
240
516
295
227
387
6
92
178
227
86
12
6
276
43
160
246
6
805
6
18
25
117
184
233
166

664
264
7
43
529
1,257
1,350
607
650
543
1,136
21
857
1,214
543
2,543
1,750
664
279
600
343
264
450
7
107
207
264
100
14
6
321
50
186
286
6
936
7
21
29
136
214
271
193

COVID-19 Cases by Zip Code
Zip

29370
29372
29374
29375
29376
29377
29379
29384
29385
29388
29401
29403
29404
29405
29406
29407
29409
29410
29412
29414
29418
29420
29424
29425
29426
29429
29431
29432
29434
29435
29436
29437
29438
29439
29440
29445
29446
29448
29449
29450
29451
29452
29453

Rep. Cases

Est. Cases

Total Cases

3
11
9
1
25
0
35
3
56
27
33
56
4
53
100
76
1
78
49
75
68
67
0
48
3
8
2
4
0
9
4
1
1
2
57
75
3
3
16
4
8
1
1

18
68
55
6
154
6
215
18
344
166
203
344
25
326
614
467
6
479
301
461
418
412
6
295
18
49
6
25
6
55
25
6
6
12
350
461
18
18
98
25
49
6
6

21
79
64
7
179
6
250
21
400
193
236
400
29
379
714
543
7
557
350
536
486
479
6
343
21
57
8
29
6
64
29
7
7
14
407
536
21
21
114
29
57
7
7

COVID-19 Cases by Zip Code
Zip

29455
29456
29458
29461
29464
29466
29468
29469
29470
29471
29472
29474
29475
29477
29479
29481
29482
29483
29485
29486
29487
29488
29492
29493
29501
29505
29506
29510
29511
29512
29516
29518
29519
29520
29525
29526
29527
29530
29532
29536
29540
29541
29543

Rep. Cases

Est. Cases

Total Cases

29
74
5
82
89
68
2
0
8
5
6
1
6
9
16
10
8
79
66
40
5
122
13
0
247
114
113
14
16
141
6
11
0
154
15
85
68
12
167
111
31
43
3

178
455
31
504
547
418
12
6
49
31
37
6
37
55
98
61
49
485
405
246
31
749
80
6
1,517
700
694
86
98
866
37
68
6
946
92
522
418
74
1,026
682
190
264
6

207
529
36
586
636
486
14
6
57
36
43
7
43
64
114
71
57
564
471
286
36
871
93
6
1,764
814
807
100
114
1,007
43
79
6
1,100
107
607
486
86
1,193
793
221
307
9

COVID-19 Cases by Zip Code
Zip

29544
29545
29546
29547
29550
29554
29555
29556
29560
29563
29564
29565
29566
29567
29568
29569
29570
29571
29572
29574
29575
29576
29577
29579
29580
29581
29582
29583
29584
29585
29588
29590
29591
29592
29593
29594
29596
29601
29605
29607
29609
29611
29615

Rep. Cases

Est. Cases

Total Cases

9
11
9
19
120
42
18
176
83
16
5
35
40
4
92
140
19
41
22
31
28
42
77
99
10
21
38
25
12
28
71
13
38
7
2
0
11
80
243
130
186
390
119

55
68
55
117
737
258
111
1,081
510
98
31
215
246
25
565
860
117
252
135
190
172
258
473
608
61
129
233
154
74
172
436
80
233
43
12
6
68
491
1,493
799
1,143
2,396
731

64
79
64
136
857
300
129
1,257
593
114
36
250
286
29
657
1,000
136
293
157
221
200
300
550
707
71
150
271
179
86
200
507
93
271
50
14
6
79
571
1,736
929
1,329
2,786
850

COVID-19 Cases by Zip Code
Zip

29617
29620
29621
29624
29625
29626
29627
29628
29630
29631
29634
29635
29638
29639
29640
29642
29643
29644
29645
29646
29649
29650
29651
29653
29654
29655
29657
29658
29661
29662
29664
29665
29666
29667
29669
29670
29671
29672
29673
29676
29678
29680
29681

Rep. Cases

Est. Cases

Total Cases

233
42
75
33
38
15
21
6
3
9
0
4
2
2
75
99
1
56
24
131
65
114
181
11
12
17
23
0
21
39
0
0
17
0
37
8
30
7
105
7
20
97
130

1,431
258
461
203
233
92
129
37
18
55
6
25
12
12
461
608
6
344
147
805
399
700
1,112
6
74
104
141
6
129
240
6
6
104
6
227
49
184
43
645
43
123
596
799

1,664
300
536
236
271
107
150
43
21
64
6
29
14
14
536
707
7
400
171
936
464
814
1,293
17
86
121
164
6
150
279
6
6
121
6
264
57
214
50
750
50
143
693
929

COVID-19 Cases by Zip Code
Zip

29682
29683
29684
29685
29686
29687
29689
29690
29691
29692
29693
29696
29697
29702
29704
29706
29707
29708
29709
29710
29712
29714
29715
29717
29718
29720
29726
29727
29728
29729
29730
29732
29741
29742
29743
29745
29801
29803
29805
29809
29810
29812
29817

Rep. Cases

Est. Cases

Total Cases

7
1
5
2
0
165
2
47
14
9
15
5
22
8
6
38
45
57
33
77
5
14
67
3
15
173
0
6
33
7
130
155
5
3
1
44
34
41
2
3
16
22
24

43
6
31
6
6
1,014
12
289
86
55
92
31
135
49
37
233
276
350
203
473
31
86
412
18
92
1,063
6
6
203
43
799
952
31
18
6
270
209
252
12
18
98
135
147

50
7
36
8
6
1,179
14
336
100
64
107
36
157
57
43
271
321
407
236
550
36
100
479
21
107
1,236
6
12
236
50
929
1,107
36
21
7
314
243
293
14
21
114
157
171

COVID-19 Cases by Zip Code
Zip

29819
29821
29824
29827
29828
29829
29831
29832
29835
29836
29838
29840
29841
29842
29843
29845
29847
29848
29849
29851
29853
29856
29860
29902
29904
29906
29907
29909
29910
29911
29912
29915
29916
29918
29920
29921
29922
29923
29924
29926
29927
29928
29929

Rep. Cases

Est. Cases

Total Cases

2
0
9
17
0
21
5
26
10
0
1
0
53
8
0
0
9
2
2
9
10
2
22
106
1
62
31
28
127
2
1
1
2
10
25
0
3
1
13
67
23
27
4

6
6
55
104
6
129
31
160
61
6
6
6
326
49
6
6
55
6
6
55
61
12
135
651
6
381
190
172
780
12
6
6
6
61
154
6
18
6
80
412
141
166
25

8
6
64
121
6
150
36
186
71
6
7
6
379
57
6
6
64
8
8
64
71
14
157
757
7
443
221
200
907
14
7
7
8
71
179
6
21
7
93
479
164
193
29

COVID-19 Cases by Zip Code
Zip

29932
29934
29935
29936
29940
29941
29943
29944
29945

Rep. Cases

Est. Cases

Total Cases

1
2
11
24
3
1
1
10
18

6
12
68
147
18
6
6
61
111

7
14
79
171
21
7
7
71
129

