COVID-19 Cases, by Zip Code
Reported Cases
0 Cases
1 - 5 Cases
6 - 15 Cases
16 - 40 Cases
>40 Cases

© OpenStreetMap

COVID-19 Cases by Zip Code
Zip

29001
29003
29006
29009
29010
29014
29015
29016
29018
29020
29030
29031
29032
29033
29036
29037
29038
29039
29040
29042
29044
29045
29047
29048
29051
29052
29053
29054
29055
29056
29058
29059
29061
29063
29065
29067
29069
29070
29072
29073
29074
29075
29078

Rep. Cases

Est. Cases

Total Cases

11
9
24
9
180
3
4
61
2
143
1
2
8
14
59
0
4
5
19
11
14
101
3
10
8
7
48
13
16
4
5
13
41
60
1
12
14
27
104
72
0
3
54

68
55
147
55
1,106
18
25
375
12
878
6
12
49
86
362
6
25
31
117
68
86
620
18
61
49
43
295
80
98
25
31
80
252
369
6
74
86
166
639
442
6
18
332

79
64
171
64
1,286
21
29
436
14
1,021
7
14
57
100
421
6
29
36
136
79
100
721
21
71
57
50
343
93
114
29
36
93
293
429
7
86
100
193
743
514
6
21
386

COVID-19 Cases by Zip Code
Zip

29080
29081
29082
29101
29102
29104
29105
29107
29108
29111
29112
29113
29114
29115
29118
29122
29123
29125
29126
29127
29128
29129
29130
29133
29135
29137
29138
29142
29145
29146
29148
29150
29152
29153
29154
29160
29161
29162
29163
29164
29166
29168
29169

Rep. Cases

Est. Cases

Total Cases

22
0
0
11
188
5
2
4
29
4
17
0
12
45
26
0
7
13
1
9
31
7
115
1
8
10
127
10
1
2
71
115
3
50
104
19
38
13
10
10
0
5
88

135
6
6
68
1,155
31
12
25
178
25
104
6
74
276
160
6
43
80
6
55
190
43
706
6
49
61
780
61
6
12
436
706
18
307
639
117
233
80
61
61
6
31
541

157
6
6
79
1,343
36
14
29
207
29
121
6
86
321
186
6
50
93
7
64
221
50
821
7
57
71
907
71
7
14
507
821
21
357
743
136
271
93
71
71
6
36
629

COVID-19 Cases by Zip Code
Zip

29170
29172
29175
29178
29180
29201
29203
29204
29205
29206
29207
29208
29209
29210
29212
29223
29229
29301
29302
29303
29306
29307
29316
29321
29322
29323
29325
29330
29332
29333
29334
29335
29340
29341
29346
29349
29351
29353
29355
29356
29360
29365
29369

Rep. Cases

Est. Cases

Total Cases

38
24
1
4
35
41
157
63
32
33
103
2
84
140
50
272
206
42
23
32
37
19
40
1
12
19
15
6
1
0
29
5
16
10
0
79
0
1
1
12
17
27
16

233
147
6
25
215
252
964
387
197
203
633
12
516
860
307
1,671
1,265
258
141
197
227
117
246
6
74
117
92
37
6
6
178
31
98
61
6
485
6
6
6
74
104
166
98

271
171
7
29
250
293
1,121
450
229
236
736
14
600
1,000
357
1,943
1,471
300
164
229
264
136
286
7
86
136
107
43
7
6
207
36
114
71
6
564
6
7
7
86
121
193
114

COVID-19 Cases by Zip Code
Zip

29370
29372
29374
29375
29376
29377
29379
29384
29385
29388
29401
29403
29404
29405
29406
29407
29409
29410
29412
29414
29418
29420
29424
29425
29426
29429
29431
29432
29434
29435
29436
29437
29438
29439
29440
29445
29446
29448
29449
29450
29451
29452
29453

Rep. Cases

Est. Cases

Total Cases

3
10
5
1
16
0
30
1
36
21
17
32
3
42
35
47
1
51
45
42
43
34
0
22
1
6
0
1
0
4
2
1
1
3
42
41
2
3
11
3
7
0
1

18
61
31
6
98
6
184
6
221
129
104
197
18
258
215
289
6
313
276
258
264
209
6
135
6
37
6
6
6
25
12
6
6
18
258
252
12
18
68
18
43
6
6

21
71
36
7
114
6
214
7
257
150
121
229
21
300
250
336
7
364
321
300
307
243
6
157
7
43
6
7
6
29
14
7
7
21
300
293
14
21
79
21
50
6
7

COVID-19 Cases by Zip Code
Zip

29455
29456
29458
29461
29464
29466
29468
29469
29470
29471
29472
29474
29475
29477
29479
29481
29482
29483
29485
29486
29487
29488
29492
29493
29501
29505
29506
29510
29511
29512
29516
29518
29519
29520
29525
29526
29527
29530
29532
29536
29540
29541
29543

Rep. Cases

Est. Cases

Total Cases

17
36
3
75
70
47
2
0
5
3
3
1
5
6
12
4
8
52
43
15
5
55
11
0
190
92
98
9
8
92
6
6
0
79
6
38
39
11
121
89
21
39
1

104
221
18
461
430
289
12
6
31
18
18
6
31
37
74
25
49
319
264
92
31
338
68
6
1,167
565
602
55
49
565
37
37
6
485
37
233
240
68
743
547
129
240
6

121
257
21
536
500
336
14
6
36
21
21
7
36
43
86
29
57
371
307
107
36
393
79
6
1,357
657
700
64
57
657
43
43
6
564
43
271
279
79
864
636
150
279
7

COVID-19 Cases by Zip Code
Zip

29544
29545
29546
29547
29550
29554
29555
29556
29560
29563
29564
29565
29566
29567
29568
29569
29570
29571
29572
29574
29575
29576
29577
29579
29580
29581
29582
29583
29584
29585
29588
29590
29591
29592
29593
29594
29596
29601
29605
29607
29609
29611
29615

Rep. Cases

Est. Cases

Total Cases

5
5
5
12
96
35
12
145
62
15
4
29
16
4
26
72
8
38
7
22
16
28
32
32
10
14
12
22
3
14
38
12
31
1
2
0
5
37
110
80
117
156
69

31
31
31
74
590
215
74
891
381
92
25
178
98
25
160
442
49
233
43
135
98
172
197
197
61
86
74
135
18
86
233
74
190
6
12
6
31
227
676
491
719
958
424

36
36
36
86
686
250
86
1,036
443
107
29
207
114
29
186
514
57
271
50
157
114
200
229
229
71
100
86
157
21
100
271
86
221
7
14
6
36
264
786
571
836
1,114
493

COVID-19 Cases by Zip Code
Zip

29617
29620
29621
29624
29625
29626
29627
29628
29630
29631
29634
29635
29638
29639
29640
29642
29643
29644
29645
29646
29649
29650
29651
29653
29654
29655
29657
29658
29661
29662
29664
29665
29666
29667
29669
29670
29671
29672
29673
29676
29678
29680
29681

Rep. Cases

Est. Cases

Total Cases

102
25
58
25
30
10
15
4
3
5
0
2
2
1
47
53
0
32
17
43
30
56
102
1
8
14
10
0
8
25
0
0
8
0
26
6
9
7
53
6
16
67
90

627
154
356
154
184
61
92
25
18
31
6
12
12
6
289
326
6
197
104
264
184
344
627
6
49
86
61
6
49
154
6
6
49
6
160
37
55
43
326
37
98
412
553

729
179
414
179
214
71
107
29
21
36
6
14
14
7
336
379
6
229
121
307
214
400
729
7
57
100
71
6
57
179
6
6
57
6
186
43
64
50
379
43
114
479
643

COVID-19 Cases by Zip Code
Zip

29682
29683
29684
29685
29686
29687
29689
29690
29691
29692
29693
29696
29697
29702
29704
29706
29707
29708
29709
29710
29712
29714
29715
29717
29718
29720
29726
29727
29728
29729
29730
29732
29741
29742
29743
29745
29801
29803
29805
29809
29810
29812
29817

Rep. Cases

Est. Cases

Total Cases

3
1
5
0
0
88
2
32
3
7
12
3
12
4
4
21
28
38
14
45
2
8
48
2
7
86
0
2
18
6
69
115
5
2
1
22
30
32
2
1
16
20
14

18
6
31
6
6
541
12
197
18
43
74
18
74
25
25
129
172
233
86
276
12
49
295
12
43
528
6
6
111
37
424
706
31
12
6
135
184
197
12
6
98
123
86

21
7
36
6
6
629
14
229
21
50
86
21
86
29
29
150
200
271
100
321
14
57
343
14
50
614
6
8
129
43
493
821
36
14
7
157
214
229
14
7
114
143
100

COVID-19 Cases by Zip Code
Zip

29819
29821
29824
29827
29828
29829
29831
29832
29835
29836
29838
29840
29841
29842
29843
29845
29847
29848
29849
29851
29853
29856
29860
29902
29904
29906
29907
29909
29910
29911
29912
29915
29916
29918
29920
29921
29922
29923
29924
29926
29927
29928
29929

Rep. Cases

Est. Cases

Total Cases

0
0
9
13
0
15
4
26
7
0
1
0
48
5
0
0
5
0
0
7
9
2
18
94
0
54
26
17
78
2
1
1
0
9
16
0
2
1
11
22
15
13
4

6
6
55
80
6
92
25
160
43
6
6
6
295
31
6
6
31
6
6
43
55
12
111
577
6
332
160
104
479
12
6
6
6
55
98
6
12
6
68
135
92
80
25

6
6
64
93
6
107
29
186
50
6
7
6
343
36
6
6
36
6
6
50
64
14
129
671
6
386
186
121
557
14
7
7
6
64
114
6
14
7
79
157
107
93
29

COVID-19 Cases by Zip Code
Zip

29932
29934
29935
29936
29940
29941
29943
29944
29945

Rep. Cases

Est. Cases

Total Cases

1
2
11
20
2
1
1
8
5

6
12
68
123
12
6
6
49
31

7
14
79
143
14
7
7
57
36

