COVID-19 Confirmed Cases, by Zip Code
Reported Cases
0 Cases
1 - 10 Cases
11 - 24 Cases
25-49 Cases
50-100 Cases
>100 Cases

© OpenStreetMap

COVID-19 Confirmed Cases, by Zip Code
Zip

29001
29003
29006
29009
29010
29014
29015
29016
29018
29020
29030
29031
29032
29033
29036
29037
29038
29039
29040
29042
29044
29045
29047
29048
29051
29052
29053
29054
29055
29056
29058
29059
29061
29063
29065
29067
29069
29070
29072
29073
29074
29075
29078

Rep. Cases

Est. Cases

Total Cases

26
142
111
20
290
22
30
207
52
350
45
5
41
172
263
6
28
45
97
72
57
314
88
45
15
22
267
103
54
20
24
77
137
340
9
64
51
162
597
451
1
40
184

160
872
682
123
1,781
135
184
1,272
319
2,150
276
31
252
1,057
1,616
37
172
276
596
442
350
1,929
541
276
92
135
1,640
633
332
123
147
473
842
2,089
55
393
313
995
3,667
2,770
6
246
1,130

186
1,014
793
143
2,071
157
214
1,479
371
2,500
321
36
293
1,229
1,879
43
200
321
693
514
407
2,243
629
321
107
157
1,907
736
386
143
171
550
979
2,429
64
457
364
1,157
4,264
3,221
7
286
1,314

COVID-19 Confirmed Cases, by Zip Code
Zip

29080
29081
29082
29101
29102
29104
29105
29107
29108
29111
29112
29113
29114
29115
29118
29122
29123
29125
29126
29127
29128
29129
29130
29133
29135
29137
29138
29142
29145
29146
29148
29150
29152
29153
29154
29160
29161
29162
29163
29164
29166
29168
29169

Rep. Cases

Est. Cases

Total Cases

49
13
12
20
315
15
16
33
276
13
91
21
27
518
215
0
65
47
17
100
118
21
155
13
126
22
271
93
4
8
102
619
9
246
376
75
126
51
32
39
2
42
346

301
80
74
123
1,935
92
98
203
1,695
80
559
129
166
3,182
1,321
6
399
289
104
614
725
129
952
80
774
135
1,665
571
25
49
627
3,802
55
1,511
2,310
461
774
313
197
240
12
258
2,125

350
93
86
143
2,250
107
114
236
1,971
93
650
150
193
3,700
1,536
6
464
336
121
714
843
150
1,107
93
900
157
1,936
664
29
57
729
4,421
64
1,757
2,686
536
900
364
229
279
14
300
2,471

COVID-19 Confirmed Cases, by Zip Code
Zip

29170
29172
29175
29178
29180
29201
29203
29204
29205
29206
29207
29208
29209
29210
29212
29223
29229
29301
29302
29303
29306
29307
29316
29321
29322
29323
29325
29330
29332
29333
29334
29335
29340
29341
29346
29349
29351
29353
29355
29356
29360
29365
29369

Rep. Cases

Est. Cases

Total Cases

244
90
1
29
200
403
558
226
307
226
371
8
368
647
246
740
537
301
157
267
139
131
240
18
53
133
317
55
30
11
165
44
109
138
2
307
11
23
10
54
264
136
103

1,499
553
6
178
1,229
2,476
3,428
1,388
1,886
1,388
2,279
49
2,261
3,974
1,511
4,546
3,299
1,849
964
1,640
854
805
1,474
111
326
817
1,947
338
184
68
1,014
270
670
848
12
1,886
68
141
61
332
1,622
835
633

1,743
643
7
207
1,429
2,879
3,986
1,614
2,193
1,614
2,650
57
2,629
4,621
1,757
5,286
3,836
2,150
1,121
1,907
993
936
1,714
129
379
950
2,264
393
214
79
1,179
314
779
986
14
2,193
79
164
71
386
1,886
971
736

COVID-19 Confirmed Cases, by Zip Code
Zip

29370
29372
29374
29375
29376
29377
29379
29384
29385
29388
29401
29403
29404
29405
29406
29407
29409
29410
29412
29414
29418
29420
29424
29425
29426
29429
29431
29432
29434
29435
29436
29437
29438
29439
29440
29445
29446
29448
29449
29450
29451
29452
29453

Rep. Cases

Est. Cases

Total Cases

12
44
34
3
80
0
130
29
106
128
209
1,089
18
699
810
699
7
371
737
670
566
421
0
0
32
58
44
27
1
57
32
37
36
31
344
864
9
17
190
42
33
6
14

74
270
209
18
491
6
799
178
651
786
1,284
6,690
111
4,294
4,976
4,294
43
2,279
4,527
4,116
3,477
2,586
6
6
197
356
270
166
6
350
197
227
221
190
2,113
5,307
55
104
1,167
258
203
37
86

86
314
243
21
571
6
929
207
757
914
1,493
7,779
129
4,993
5,786
4,993
50
2,650
5,264
4,786
4,043
3,007
6
6
229
414
314
193
7
407
229
264
257
221
2,457
6,171
64
121
1,357
300
236
43
100

COVID-19 Confirmed Cases, by Zip Code
Zip

29455
29456
29458
29461
29464
29466
29468
29469
29470
29471
29472
29474
29475
29477
29479
29481
29482
29483
29485
29486
29487
29488
29492
29493
29501
29505
29506
29510
29511
29512
29516
29518
29519
29520
29525
29526
29527
29530
29532
29536
29540
29541
29543

Rep. Cases

Est. Cases

Total Cases

459
513
31
469
963
446
12
8
77
19
88
15
21
65
68
49
27
622
529
308
58
341
194
3
634
313
248
107
71
217
7
20
13
233
27
807
331
36
250
212
53
102
16

2,820
3,151
190
2,881
5,916
2,740
74
49
473
117
541
92
129
399
418
301
166
3,821
3,250
1,892
356
2,095
1,192
18
3,895
1,923
1,523
657
436
1,333
43
123
80
1,431
166
4,957
2,033
221
1,536
1,302
326
627
98

3,279
3,664
221
3,350
6,879
3,186
86
57
550
136
629
107
150
464
486
350
193
4,443
3,779
2,200
414
2,436
1,386
21
4,529
2,236
1,771
764
507
1,550
50
143
93
1,664
193
5,764
2,364
257
1,786
1,514
379
729
114

COVID-19 Confirmed Cases, by Zip Code
Zip

29544
29545
29546
29547
29550
29554
29555
29556
29560
29563
29564
29565
29566
29567
29568
29569
29570
29571
29572
29574
29575
29576
29577
29579
29580
29581
29582
29583
29584
29585
29588
29590
29591
29592
29593
29594
29596
29601
29605
29607
29609
29611
29615

Rep. Cases

Est. Cases

Total Cases

62
31
28
45
269
162
42
281
181
35
5
89
353
11
313
369
36
164
220
132
313
532
776
941
19
45
351
45
17
239
982
23
66
13
6
1
22
296
706
607
498
887
457

381
190
172
276
1,652
995
258
1,726
1,112
215
31
547
2,168
68
1,923
2,267
221
1,007
1,351
811
1,923
3,268
4,767
5,780
117
276
2,156
276
104
1,468
6,032
141
405
80
37
6
135
1,818
4,337
3,729
3,059
5,449
2,807

443
221
200
321
1,921
1,157
300
2,007
1,293
250
36
636
2,521
79
2,236
2,636
257
1,171
1,571
943
2,236
3,800
5,543
6,721
136
321
2,507
321
121
1,707
7,014
164
471
93
43
7
157
2,114
5,043
4,336
3,557
6,336
3,264

COVID-19 Confirmed Cases, by Zip Code
Zip

29617
29620
29621
29624
29625
29626
29627
29628
29630
29631
29634
29635
29638
29639
29640
29642
29643
29644
29645
29646
29649
29650
29651
29653
29654
29655
29657
29658
29661
29662
29664
29665
29666
29667
29669
29670
29671
29672
29673
29676
29678
29680
29681

Rep. Cases

Est. Cases

Total Cases

627
68
354
113
160
84
95
18
124
227
20
10
8
3
307
353
16
212
103
499
269
418
573
51
47
36
117
1
57
170
4
1
51
4
120
62
103
66
362
24
175
370
580

3,852
418
2,175
694
983
516
584
111
762
1,394
123
61
49
18
1,886
2,168
98
1,302
633
3,065
1,652
2,568
3,520
313
289
221
719
6
350
1,044
25
6
313
25
737
381
633
405
2,224
147
1,075
2,273
3,563

4,479
486
2,529
807
1,143
600
679
129
886
1,621
143
71
57
21
2,193
2,521
114
1,514
736
3,564
1,921
2,986
4,093
364
336
257
836
7
407
1,214
29
7
364
29
857
443
736
471
2,586
171
1,250
2,643
4,143

COVID-19 Confirmed Cases, by Zip Code
Zip

29682
29683
29684
29685
29686
29687
29689
29690
29691
29692
29693
29696
29697
29702
29704
29706
29707
29708
29709
29710
29712
29714
29715
29717
29718
29720
29726
29727
29728
29729
29730
29732
29741
29742
29743
29745
29801
29803
29805
29809
29810
29812
29817

Rep. Cases

Est. Cases

Total Cases

24
1
22
8
2
518
20
175
105
35
63
29
130
32
28
171
148
234
60
262
18
36
272
9
30
480
4
14
95
29
504
508
13
11
7
243
158
160
27
15
54
73
69

147
6
135
49
12
3,182
123
1,075
645
215
387
178
799
197
172
1,050
909
1,437
369
1,609
111
221
1,671
55
184
2,949
25
86
584
178
3,096
3,121
80
68
43
1,493
971
983
166
92
332
448
424

171
7
157
57
14
3,700
143
1,250
750
250
450
207
929
229
200
1,221
1,057
1,671
429
1,871
129
257
1,943
64
214
3,429
29
100
679
207
3,600
3,629
93
79
50
1,736
1,129
1,143
193
107
386
521
493

COVID-19 Confirmed Cases, by Zip Code
Zip

29819
29821
29824
29827
29828
29829
29831
29832
29835
29836
29838
29840
29841
29842
29843
29845
29847
29848
29849
29851
29853
29856
29860
29902
29904
29906
29907
29909
29910
29911
29912
29915
29916
29918
29920
29921
29922
29923
29924
29926
29927
29928
29929

Rep. Cases

Est. Cases

Total Cases

9
3
41
39
3
56
16
42
52
1
3
3
208
43
7
2
30
5
2
37
31
10
89
413
15
221
110
122
616
7
1
1
2
27
90
0
5
6
37
301
150
145
6

55
18
252
240
18
344
98
258
319
6
18
18
1,278
264
43
12
184
31
12
227
190
61
547
2,537
92
1,358
676
749
3,784
43
6
6
12
166
553
6
31
37
227
1,849
921
891
37

64
21
293
279
21
400
114
300
371
7
21
21
1,486
307
50
14
214
36
14
264
221
71
636
2,950
107
1,579
786
871
4,400
50
7
7
14
193
643
6
36
43
264
2,150
1,071
1,036
43

COVID-19 Confirmed Cases, by Zip Code
Zip

29932
29934
29935
29936
29940
29941
29943
29944
29945

Rep. Cases

Est. Cases

Total Cases

1
11
37
143
41
1
5
31
52

6
68
227
878
252
6
31
190
319

7
79
264
1,021
293
7
36
221
371

