COVID-19 Cases, by Zip Code
Reported Cases
0 Cases
1 - 5 Cases
6 - 15 Cases
16 - 40 Cases
>40 Cases

© OpenStreetMap

COVID-19 Cases by Zip Code
Zip

29001
29003
29006
29009
29010
29014
29015
29016
29018
29020
29030
29031
29032
29033
29036
29037
29038
29039
29040
29042
29044
29045
29047
29048
29051
29052
29053
29054
29055
29056
29058
29059
29061
29063
29065
29067
29069
29070
29072
29073
29074
29075
29078

Rep. Cases

Est. Cases

Total Cases

11
8
24
9
162
3
4
59
1
141
1
1
8
13
57
0
4
5
19
11
15
97
3
10
6
6
45
11
10
4
5
13
41
59
1
12
14
27
99
71
0
3
54

68
49
147
55
995
18
25
362
6
866
6
6
49
80
350
6
25
31
117
68
92
596
18
61
37
37
276
68
61
25
31
80
252
362
6
74
86
166
608
436
6
18
332

79
57
171
64
1,157
21
29
421
7
1,007
7
7
57
93
407
6
29
36
136
79
107
693
21
71
43
43
321
79
71
29
36
93
293
421
7
86
100
193
707
507
6
21
386

COVID-19 Cases by Zip Code
Zip

29080
29081
29082
29101
29102
29104
29105
29107
29108
29111
29112
29113
29114
29115
29118
29122
29123
29125
29126
29127
29128
29129
29130
29133
29135
29137
29138
29142
29145
29146
29148
29150
29152
29153
29154
29160
29161
29162
29163
29164
29166
29168
29169

Rep. Cases

Est. Cases

Total Cases

20
0
0
10
186
5
2
4
25
4
16
0
12
37
21
0
6
13
1
9
31
7
112
1
7
10
124
9
1
2
71
113
3
50
103
19
36
12
10
8
0
5
85

123
6
6
61
1,143
31
12
25
154
25
98
6
74
227
129
6
37
80
6
55
190
43
688
6
43
61
762
55
6
12
436
694
18
307
633
117
221
74
61
49
6
31
522

143
6
6
71
1,329
36
14
29
179
29
114
6
86
264
150
6
43
93
7
64
221
50
800
7
50
71
886
64
7
14
507
807
21
357
736
136
257
86
71
57
6
36
607

COVID-19 Cases by Zip Code
Zip

29170
29172
29175
29178
29180
29201
29203
29204
29205
29206
29207
29208
29209
29210
29212
29223
29229
29301
29302
29303
29306
29307
29316
29321
29322
29323
29325
29330
29332
29333
29334
29335
29340
29341
29346
29349
29351
29353
29355
29356
29360
29365
29369

Rep. Cases

Est. Cases

Total Cases

34
24
1
4
35
37
150
61
32
32
103
2
84
133
47
265
202
38
18
28
35
17
39
1
11
19
14
5
1
0
26
4
13
9
0
55
0
1
1
8
17
27
16

209
147
6
25
215
227
921
375
197
197
633
12
516
817
289
1,628
1,241
233
111
172
215
104
240
6
68
117
86
31
6
6
160
25
80
55
6
338
6
6
6
49
104
166
98

243
171
7
29
250
264
1,071
436
229
229
736
14
600
950
336
1,893
1,443
271
129
200
250
121
279
7
79
136
100
36
7
6
186
29
93
64
6
393
6
7
7
57
121
193
114

COVID-19 Cases by Zip Code
Zip

29370
29372
29374
29375
29376
29377
29379
29384
29385
29388
29401
29403
29404
29405
29406
29407
29409
29410
29412
29414
29418
29420
29424
29425
29426
29429
29431
29432
29434
29435
29436
29437
29438
29439
29440
29445
29446
29448
29449
29450
29451
29452
29453

Rep. Cases

Est. Cases

Total Cases

2
10
5
1
16
0
28
1
33
21
16
32
2
42
34
45
1
51
45
42
41
31
0
20
1
6
0
1
0
4
2
1
1
2
30
41
2
3
11
3
7
0
1

12
61
31
6
98
6
172
6
203
129
98
197
12
258
209
276
6
313
276
258
252
190
6
123
6
37
6
6
6
25
12
6
6
12
184
252
12
18
68
18
43
6
6

14
71
36
7
114
6
200
7
236
150
114
229
14
300
243
321
7
364
321
300
293
221
6
143
7
43
6
7
6
29
14
7
7
14
214
293
14
21
79
21
50
6
7

COVID-19 Cases by Zip Code
Zip

29455
29456
29458
29461
29464
29466
29468
29469
29470
29471
29472
29474
29475
29477
29479
29481
29482
29483
29485
29486
29487
29488
29492
29493
29501
29505
29506
29510
29511
29512
29516
29518
29519
29520
29525
29526
29527
29530
29532
29536
29540
29541
29543

Rep. Cases

Est. Cases

Total Cases

17
30
3
74
68
47
2
0
5
2
3
0
5
5
12
4
8
48
42
12
5
49
11
0
182
91
98
9
8
86
6
5
0
72
6
38
39
11
114
87
19
38
1

104
184
18
455
418
289
12
6
31
12
18
6
31
31
74
25
49
295
258
74
31
301
68
6
1,118
559
602
55
49
528
37
31
6
442
37
233
240
68
700
534
117
233
6

121
214
21
529
486
336
14
6
36
14
21
6
36
36
86
29
57
343
300
86
36
350
79
6
1,300
650
700
64
57
614
43
36
6
514
43
271
279
79
814
621
136
271
7

COVID-19 Cases by Zip Code
Zip

29544
29545
29546
29547
29550
29554
29555
29556
29560
29563
29564
29565
29566
29567
29568
29569
29570
29571
29572
29574
29575
29576
29577
29579
29580
29581
29582
29583
29584
29585
29588
29590
29591
29592
29593
29594
29596
29601
29605
29607
29609
29611
29615

Rep. Cases

Est. Cases

Total Cases

5
5
5
11
95
35
12
133
59
15
4
27
16
4
25
72
7
37
6
20
16
26
30
28
10
14
9
21
3
14
38
11
29
1
2
0
4
37
105
66
108
134
61

31
31
31
68
584
215
74
817
362
92
25
166
98
25
154
442
43
227
37
123
98
160
184
172
61
86
55
129
18
86
233
68
178
6
12
6
25
227
645
405
663
823
375

36
36
36
79
679
250
86
950
421
107
29
193
114
29
179
514
50
264
43
143
114
186
214
200
71
100
64
150
21
100
271
79
207
7
14
6
29
264
750
471
771
957
436

COVID-19 Cases by Zip Code
Zip

29617
29620
29621
29624
29625
29626
29627
29628
29630
29631
29634
29635
29638
29639
29640
29642
29643
29644
29645
29646
29649
29650
29651
29653
29654
29655
29657
29658
29661
29662
29664
29665
29666
29667
29669
29670
29671
29672
29673
29676
29678
29680
29681

Rep. Cases

Est. Cases

Total Cases

88
25
57
25
29
10
14
4
3
5
0
2
2
1
40
50
0
30
17
35
28
50
97
1
8
14
9
0
6
25
0
0
8
0
25
6
7
7
51
6
15
67
84

541
154
350
154
178
61
86
25
18
31
6
12
12
6
246
307
6
184
104
215
172
307
596
6
49
86
55
6
37
154
6
6
49
6
154
37
43
43
313
37
92
412
516

629
179
407
179
207
71
100
29
21
36
6
14
14
7
286
357
6
214
121
250
200
357
693
7
57
100
64
6
43
179
6
6
57
6
179
43
50
50
364
43
107
479
600

COVID-19 Cases by Zip Code
Zip

29682
29683
29684
29685
29686
29687
29689
29690
29691
29692
29693
29696
29697
29702
29704
29706
29707
29708
29709
29710
29712
29714
29715
29717
29718
29720
29726
29727
29728
29729
29730
29732
29741
29742
29743
29745
29801
29803
29805
29809
29810
29812
29817

Rep. Cases

Est. Cases

Total Cases

3
0
5
0
0
80
2
31
3
7
10
2
12
4
3
19
28
37
13
45
2
8
43
2
7
85
0
0
18
6
68
113
4
1
1
20
28
32
2
1
16
20
14

18
6
31
6
6
491
12
190
18
43
61
12
74
25
18
117
172
227
80
276
12
49
264
12
43
522
6
6
111
37
418
694
25
6
6
123
172
197
12
6
98
123
86

21
6
36
6
6
571
14
221
21
50
71
14
86
29
21
136
200
264
93
321
14
57
307
14
50
607
6
6
129
43
486
807
29
7
7
143
200
229
14
7
114
143
100

COVID-19 Cases by Zip Code
Zip

29819
29821
29824
29827
29828
29829
29831
29832
29835
29836
29838
29840
29841
29842
29843
29845
29847
29848
29849
29851
29853
29856
29860
29902
29904
29906
29907
29909
29910
29911
29912
29915
29916
29918
29920
29921
29922
29923
29924
29926
29927
29928
29929

Rep. Cases

Est. Cases

Total Cases

0
0
9
13
0
13
4
25
7
0
1
0
47
5
0
0
5
0
0
6
9
2
17
98
0
54
25
16
67
2
1
1
0
9
15
0
2
0
10
22
13
13
4

6
6
55
80
6
80
25
154
43
6
6
6
289
31
6
6
31
6
6
37
55
12
104
602
6
332
154
98
412
12
6
6
6
55
92
6
12
6
61
135
80
80
25

6
6
64
93
6
93
29
179
50
6
7
6
336
36
6
6
36
6
6
43
64
14
121
700
6
386
179
114
479
14
7
7
6
64
107
6
14
6
71
157
93
93
29

COVID-19 Cases by Zip Code
Zip

29932
29934
29935
29936
29940
29941
29943
29944
29945

Rep. Cases

Est. Cases

Total Cases

1
2
11
18
2
1
1
6
5

6
12
68
111
12
6
6
37
31

7
14
79
129
14
7
7
43
36

