COVID-19 Cases, by Zip Code
Reported Cases
0 Cases
1 - 5 Cases
6 - 15 Cases
16 - 40 Cases
>40 Cases

© OpenStreetMap

COVID-19 Cases by Zip Code
Zip

29001
29003
29006
29009
29010
29014
29015
29016
29018
29020
29030
29031
29032
29033
29036
29037
29038
29039
29040
29042
29044
29045
29047
29048
29051
29052
29053
29054
29055
29056
29058
29059
29061
29063
29065
29067
29069
29070
29072
29073
29074
29075
29078

Rep. Cases

Est. Cases

Total Cases

11
6
22
6
101
2
3
55
1
133
1
1
6
11
54
1
4
5
18
9
14
72
3
10
4
5
40
11
5
2
4
11
33
50
1
12
12
25
88
57
0
2
50

68
37
135
37
620
12
18
338
6
817
6
6
37
68
332
6
25
31
111
55
86
442
18
61
25
31
246
68
31
12
25
68
203
307
6
74
74
154
541
350
6
12
307

79
43
157
43
721
14
21
393
7
950
7
7
43
79
386
7
29
36
129
64
100
514
21
71
29
36
286
79
36
14
29
79
236
357
7
86
86
179
629
407
6
14
357

COVID-19 Cases by Zip Code
Zip

29080
29081
29082
29101
29102
29104
29105
29107
29108
29111
29112
29113
29114
29115
29118
29122
29123
29125
29126
29127
29128
29129
29130
29133
29135
29137
29138
29142
29145
29146
29148
29150
29152
29153
29154
29160
29161
29162
29163
29164
29166
29168
29169

Rep. Cases

Est. Cases

Total Cases

18
0
0
7
177
3
2
4
11
3
16
0
11
25
13
0
6
12
1
9
28
7
62
1
7
9
85
8
1
2
64
98
3
46
84
15
33
10
7
6
0
5
45

111
6
6
43
1,087
18
12
25
68
18
98
6
68
154
80
6
37
74
6
55
172
43
381
6
43
55
522
49
6
12
393
602
18
283
516
92
203
61
43
37
6
31
276

129
6
6
50
1,264
21
14
29
79
21
114
6
79
179
93
6
43
86
7
64
200
50
443
7
50
64
607
57
7
14
457
700
21
329
600
107
236
71
50
43
6
36
321

COVID-19 Cases by Zip Code
Zip

29170
29172
29175
29178
29180
29201
29203
29204
29205
29206
29207
29208
29209
29210
29212
29223
29229
29301
29302
29303
29306
29307
29316
29321
29322
29323
29325
29330
29332
29333
29334
29335
29340
29341
29346
29349
29351
29353
29355
29356
29360
29365
29369

Rep. Cases

Est. Cases

Total Cases

31
21
1
4
24
30
135
56
26
29
85
2
77
116
43
224
175
27
17
21
30
15
33
1
6
19
13
4
1
0
24
4
13
6
0
36
0
1
1
4
15
23
15

190
129
6
25
147
184
829
344
160
178
522
12
473
713
264
1,376
1,075
166
104
129
184
92
203
6
37
117
80
25
6
6
147
25
80
37
6
221
6
6
6
25
92
141
92

221
150
7
29
171
214
964
400
186
207
607
14
550
829
307
1,600
1,250
193
121
150
214
107
236
7
43
136
93
29
7
6
171
29
93
43
6
257
6
7
7
29
107
164
107

COVID-19 Cases by Zip Code
Zip

29370
29372
29374
29375
29376
29377
29379
29384
29385
29388
29401
29403
29404
29405
29406
29407
29409
29410
29412
29414
29418
29420
29424
29425
29426
29429
29431
29432
29434
29435
29436
29437
29438
29439
29440
29445
29446
29448
29449
29450
29451
29452
29453

Rep. Cases

Est. Cases

Total Cases

2
9
5
1
16
0
28
1
23
15
13
29
2
40
30
41
0
48
43
38
27
29
0
12
1
6
0
1
0
3
2
1
1
3
25
38
1
2
10
1
8
0
1

12
55
31
6
98
6
172
6
141
92
80
178
12
246
184
252
6
295
264
233
166
178
6
74
6
37
6
6
6
18
12
6
6
18
154
233
6
12
61
6
49
6
6

14
64
36
7
114
6
200
7
164
107
93
207
14
286
214
293
6
343
307
271
193
207
6
86
7
43
6
7
6
21
14
7
7
21
179
271
7
14
71
7
57
6
7

COVID-19 Cases by Zip Code
Zip

29455
29456
29458
29461
29464
29466
29468
29469
29470
29471
29472
29474
29475
29477
29479
29481
29482
29483
29485
29486
29487
29488
29492
29493
29501
29505
29506
29510
29511
29512
29516
29518
29519
29520
29525
29526
29527
29530
29532
29536
29540
29541
29543

Rep. Cases

Est. Cases

Total Cases

15
24
3
71
67
46
2
0
4
2
3
0
3
5
11
0
7
33
37
12
5
28
11
0
153
71
83
9
6
52
6
4
0
43
5
30
32
11
65
66
18
28
0

92
147
18
436
412
283
12
6
25
12
18
6
18
31
68
6
43
203
227
74
31
172
68
6
940
436
510
55
37
319
37
25
6
264
31
184
197
68
399
405
111
172
6

107
171
21
507
479
329
14
6
29
14
21
6
21
36
79
6
50
236
264
86
36
200
79
6
1,093
507
593
64
43
371
43
29
6
307
36
214
229
79
464
471
129
200
6

COVID-19 Cases by Zip Code
Zip

29544
29545
29546
29547
29550
29554
29555
29556
29560
29563
29564
29565
29566
29567
29568
29569
29570
29571
29572
29574
29575
29576
29577
29579
29580
29581
29582
29583
29584
29585
29588
29590
29591
29592
29593
29594
29596
29601
29605
29607
29609
29611
29615

Rep. Cases

Est. Cases

Total Cases

4
1
4
7
85
28
12
100
48
11
3
23
14
4
19
32
2
28
6
15
13
25
29
23
8
7
8
16
2
14
34
8
23
1
1
0
1
33
86
54
96
94
54

25
6
25
43
522
172
74
614
295
68
18
141
86
25
117
197
12
172
37
92
80
154
178
141
49
43
49
98
12
86
209
49
141
6
6
6
6
203
528
332
590
577
332

29
7
29
50
607
200
86
714
343
79
21
164
100
29
136
229
14
200
43
107
93
179
207
164
57
50
57
114
14
100
243
57
164
7
7
6
7
236
614
386
686
671
386

COVID-19 Cases by Zip Code
Zip

29617
29620
29621
29624
29625
29626
29627
29628
29630
29631
29634
29635
29638
29639
29640
29642
29643
29644
29645
29646
29649
29650
29651
29653
29654
29655
29657
29658
29661
29662
29664
29665
29666
29667
29669
29670
29671
29672
29673
29676
29678
29680
29681

Rep. Cases

Est. Cases

Total Cases

49
24
49
21
26
8
14
4
1
5
0
2
2
1
27
41
0
24
13
29
23
45
85
0
7
14
9
0
4
23
0
1
6
0
22
5
4
6
45
6
15
55
65

301
147
301
129
160
49
86
25
6
31
6
12
12
6
166
252
6
147
80
178
141
276
522
6
43
86
55
6
25
141
6
6
37
6
135
31
25
37
276
37
92
338
399

350
171
350
150
186
57
100
29
7
36
6
14
14
7
193
293
6
171
93
207
164
321
607
6
50
100
64
6
29
164
6
7
43
6
157
36
29
43
321
43
107
393
464

COVID-19 Cases by Zip Code
Zip

29682
29683
29684
29685
29686
29687
29689
29690
29691
29692
29693
29696
29697
29702
29704
29706
29707
29708
29709
29710
29712
29714
29715
29717
29718
29720
29726
29727
29728
29729
29730
29732
29741
29742
29743
29745
29801
29803
29805
29809
29810
29812
29817

Rep. Cases

Est. Cases

Total Cases

3
0
5
0
0
59
2
17
3
7
9
1
11
2
2
19
25
28
10
37
1
7
38
2
7
73
0
0
15
6
58
82
4
1
1
17
21
26
2
1
12
17
11

18
6
31
6
6
362
12
104
18
43
55
6
68
12
12
117
154
172
61
227
6
43
233
12
43
448
6
6
92
37
356
504
25
6
6
104
129
160
12
6
74
104
68

21
6
36
6
6
421
14
121
21
50
64
7
79
14
14
136
179
200
71
264
7
50
271
14
50
521
6
6
107
43
414
586
29
7
7
121
150
186
14
7
86
121
79

COVID-19 Cases by Zip Code
Zip

29819
29821
29824
29827
29828
29829
29831
29832
29835
29836
29838
29840
29841
29842
29843
29845
29847
29848
29849
29851
29853
29856
29860
29902
29904
29906
29907
29909
29910
29911
29912
29915
29916
29918
29920
29921
29922
29923
29924
29926
29927
29928
29929

Rep. Cases

Est. Cases

Total Cases

0
0
7
11
0
7
4
21
7
0
0
0
40
4
0
0
5
0
0
2
8
2
15
91
0
44
24
14
49
2
1
1
0
8
14
0
1
0
11
18
6
11
4

6
6
43
68
6
43
25
129
43
6
6
6
246
25
6
6
31
6
6
12
49
12
92
559
6
270
147
86
301
12
6
6
6
49
86
6
6
6
68
111
37
68
25

6
6
50
79
6
50
29
150
50
6
6
6
286
29
6
6
36
6
6
14
57
14
107
650
6
314
171
100
350
14
7
7
6
57
100
6
7
6
79
129
43
79
29

COVID-19 Cases by Zip Code
Zip

29932
29934
29935
29936
29940
29941
29943
29944
29945

Rep. Cases

Est. Cases

Total Cases

1
1
9
16
2
1
1
5
4

6
6
55
98
12
6
6
31
25

7
7
64
114
14
7
7
36
29

