COVID-19 Confirmed Cases, by Zip Code
Reported Cases
0 Cases
1 - 10 Cases
11 - 24 Cases
25-49 Cases
50-100 Cases
>100 Cases

© OpenStreetMap

COVID-19 Confirmed Cases, by Zip Code
Zip

29001
29003
29006
29009
29010
29014
29015
29016
29018
29020
29030
29031
29032
29033
29036
29037
29038
29039
29040
29042
29044
29045
29047
29048
29051
29052
29053
29054
29055
29056
29058
29059
29061
29063
29065
29067
29069
29070
29072
29073
29074
29075
29078

Rep. Cases

Est. Cases

Total Cases

16
26
37
12
210
13
18
112
11
197
21
2
21
55
96
2
8
14
45
25
22
187
46
18
11
9
113
34
43
9
10
21
59
138
3
28
21
54
278
176
0
10
92

98
160
227
74
1,290
80
111
688
68
1,210
129
12
129
338
590
12
49
86
276
154
135
1,149
283
111
68
55
694
209
264
55
61
129
362
848
18
172
129
332
1,708
1,081
6
61
565

114
186
264
86
1,500
93
129
800
79
1,407
150
14
150
393
686
14
57
100
321
179
157
1,336
329
129
79
64
807
243
307
64
71
150
421
986
21
200
150
386
1,986
1,257
6
71
657

COVID-19 Confirmed Cases, by Zip Code
Zip

29080
29081
29082
29101
29102
29104
29105
29107
29108
29111
29112
29113
29114
29115
29118
29122
29123
29125
29126
29127
29128
29129
29130
29133
29135
29137
29138
29142
29145
29146
29148
29150
29152
29153
29154
29160
29161
29162
29163
29164
29166
29168
29169

Rep. Cases

Est. Cases

Total Cases

29
0
5
14
222
8
3
11
65
5
34
1
13
172
57
0
20
25
4
23
70
11
124
3
34
14
164
34
2
3
79
261
3
99
186
32
52
18
20
18
0
18
196

178
6
31
86
1,364
49
18
68
399
31
209
6
80
1,057
350
6
123
154
25
141
430
68
762
18
209
86
1,007
209
12
18
485
1,603
18
608
1,143
197
319
111
123
111
6
111
1,204

207
6
36
100
1,586
57
21
79
464
36
243
7
93
1,229
407
6
143
179
29
164
500
79
886
21
243
100
1,171
243
14
21
564
1,864
21
707
1,329
229
371
129
143
129
6
129
1,400

COVID-19 Confirmed Cases, by Zip Code
Zip

29170
29172
29175
29178
29180
29201
29203
29204
29205
29206
29207
29208
29209
29210
29212
29223
29229
29301
29302
29303
29306
29307
29316
29321
29322
29323
29325
29330
29332
29333
29334
29335
29340
29341
29346
29349
29351
29353
29355
29356
29360
29365
29369

Rep. Cases

Est. Cases

Total Cases

135
50
1
6
90
256
211
111
154
110
198
3
152
201
94
415
296
126
61
134
61
53
80
3
20
38
85
24
2
1
68
8
31
55
0
153
3
6
6
21
59
45
37

829
307
6
37
553
1,573
1,296
682
946
676
1,216
18
934
1,235
577
2,549
1,818
774
375
823
375
326
491
18
123
233
522
147
12
6
418
49
190
338
6
940
18
37
37
129
362
276
227

964
357
7
43
643
1,829
1,507
793
1,100
786
1,414
21
1,086
1,436
671
2,964
2,114
900
436
957
436
379
571
21
143
271
607
171
14
7
486
57
221
393
6
1,093
21
43
43
150
421
321
264

COVID-19 Confirmed Cases, by Zip Code
Zip

29370
29372
29374
29375
29376
29377
29379
29384
29385
29388
29401
29403
29404
29405
29406
29407
29409
29410
29412
29414
29418
29420
29424
29425
29426
29429
29431
29432
29434
29435
29436
29437
29438
29439
29440
29445
29446
29448
29449
29450
29451
29452
29453

Rep. Cases

Est. Cases

Total Cases

3
15
14
1
28
0
41
5
69
43
46
228
5
89
174
114
2
115
107
110
105
90
0
0
5
14
4
7
0
16
6
1
2
4
89
142
3
4
24
5
10
2
2

18
92
86
6
172
6
252
31
424
264
283
1,401
31
547
1,069
700
12
706
657
676
645
553
6
6
31
86
25
43
6
98
37
6
12
25
547
872
18
25
147
31
61
12
12

21
107
100
7
200
6
293
36
493
307
329
1,629
36
636
1,243
814
14
821
764
786
750
643
6
6
36
100
29
50
6
114
43
7
14
29
636
1,014
21
29
171
36
71
14
14

COVID-19 Confirmed Cases, by Zip Code
Zip

29455
29456
29458
29461
29464
29466
29468
29469
29470
29471
29472
29474
29475
29477
29479
29481
29482
29483
29485
29486
29487
29488
29492
29493
29501
29505
29506
29510
29511
29512
29516
29518
29519
29520
29525
29526
29527
29530
29532
29536
29540
29541
29543

Rep. Cases

Est. Cases

Total Cases

76
96
10
109
154
107
3
1
12
5
7
2
7
12
24
21
10
116
102
61
6
151
25
2
299
137
129
23
22
159
7
13
1
164
19
204
108
19
178
117
37
45
9

467
590
61
670
946
657
18
6
74
31
43
12
43
74
147
129
61
713
627
375
37
928
154
12
1,837
842
792
141
135
977
43
80
6
1,007
117
1,253
663
117
1,093
719
227
276
55

543
686
71
779
1,100
764
21
7
86
36
50
14
50
86
171
150
71
829
729
436
43
1,079
179
14
2,136
979
921
164
157
1,136
50
93
7
1,171
136
1,457
771
136
1,271
836
264
321
64

COVID-19 Confirmed Cases, by Zip Code
Zip

29544
29545
29546
29547
29550
29554
29555
29556
29560
29563
29564
29565
29566
29567
29568
29569
29570
29571
29572
29574
29575
29576
29577
29579
29580
29581
29582
29583
29584
29585
29588
29590
29591
29592
29593
29594
29596
29601
29605
29607
29609
29611
29615

Rep. Cases

Est. Cases

Total Cases

12
13
9
21
132
80
21
189
94
16
4
45
109
6
155
175
24
55
57
51
67
92
175
243
11
25
97
28
14
78
163
13
44
8
3
0
13
119
359
185
247
529
157

74
80
55
129
811
491
129
1,161
577
98
25
276
670
37
952
1,075
147
338
350
313
412
565
1,075
1,493
68
154
596
172
86
479
1,001
80
270
49
18
6
80
731
2,205
1,136
1,517
3,250
964

86
93
64
150
943
571
150
1,350
671
114
29
321
779
43
1,107
1,250
171
393
407
364
479
657
1,250
1,736
79
179
693
200
100
557
1,164
93
314
57
21
6
93
850
2,564
1,321
1,764
3,779
1,121

COVID-19 Confirmed Cases, by Zip Code
Zip

29617
29620
29621
29624
29625
29626
29627
29628
29630
29631
29634
29635
29638
29639
29640
29642
29643
29644
29645
29646
29649
29650
29651
29653
29654
29655
29657
29658
29661
29662
29664
29665
29666
29667
29669
29670
29671
29672
29673
29676
29678
29680
29681

Rep. Cases

Est. Cases

Total Cases

344
48
92
37
55
22
34
6
19
43
5
4
2
2
140
129
1
71
34
178
116
168
241
18
20
17
35
0
26
54
0
0
20
0
51
14
47
11
148
8
35
119
185

2,113
295
565
227
338
135
209
37
117
264
31
25
12
12
860
792
6
436
209
1,093
713
1,032
1,480
111
123
104
215
6
160
332
6
6
123
6
313
86
289
68
909
49
215
731
1,136

2,457
343
657
264
393
157
243
43
136
307
36
29
14
14
1,000
921
7
507
243
1,271
829
1,200
1,721
129
143
121
250
6
186
386
6
6
143
6
364
100
336
79
1,057
57
250
850
1,321

COVID-19 Confirmed Cases, by Zip Code
Zip

29682
29683
29684
29685
29686
29687
29689
29690
29691
29692
29693
29696
29697
29702
29704
29706
29707
29708
29709
29710
29712
29714
29715
29717
29718
29720
29726
29727
29728
29729
29730
29732
29741
29742
29743
29745
29801
29803
29805
29809
29810
29812
29817

Rep. Cases

Est. Cases

Total Cases

9
1
6
2
0
223
5
64
26
12
17
6
43
9
8
47
59
72
38
102
8
14
89
5
19
221
1
6
44
9
172
196
6
4
2
72
37
45
3
3
21
22
27

55
6
37
12
6
1,370
31
393
160
74
104
37
264
55
49
289
362
442
233
627
49
86
547
31
117
1,358
6
37
270
55
1,057
1,204
37
25
12
442
227
276
18
18
129
135
166

64
7
43
14
6
1,593
36
457
186
86
121
43
307
64
57
336
421
514
271
729
57
100
636
36
136
1,579
7
43
314
64
1,229
1,400
43
29
14
514
264
321
21
21
150
157
193

COVID-19 Confirmed Cases, by Zip Code
Zip

29819
29821
29824
29827
29828
29829
29831
29832
29835
29836
29838
29840
29841
29842
29843
29845
29847
29848
29849
29851
29853
29856
29860
29902
29904
29906
29907
29909
29910
29911
29912
29915
29916
29918
29920
29921
29922
29923
29924
29926
29927
29928
29929

Rep. Cases

Est. Cases

Total Cases

2
0
12
17
0
22
5
26
10
0
1
0
73
9
0
0
11
3
2
10
10
2
24
170
1
85
37
34
190
2
1
1
2
10
34
0
3
1
16
113
35
42
4

12
6
74
104
6
135
31
160
61
6
6
6
448
55
6
6
68
18
12
61
61
12
147
1,044
6
522
227
209
1,167
12
6
6
12
61
209
6
18
6
98
694
215
258
25

14
6
86
121
6
157
36
186
71
6
7
6
521
64
6
6
79
21
14
71
71
14
171
1,214
7
607
264
243
1,357
14
7
7
14
71
243
6
21
7
114
807
250
300
29

COVID-19 Confirmed Cases, by Zip Code
Zip

29932
29934
29935
29936
29940
29941
29943
29944
29945

Rep. Cases

Est. Cases

Total Cases

1
3
12
27
4
1
1
10
20

6
18
74
166
25
6
6
61
123

7
21
86
193
29
7
7
71
143

