COVID-19 Confirmed Cases, by Zip Code
Reported Cases
0 Cases
1 - 10 Cases
11 - 24 Cases
25-49 Cases
50-100 Cases
>100 Cases

© OpenStreetMap

COVID-19 Confirmed Cases, by Zip Code
Zip

29001
29003
29006
29009
29010
29014
29015
29016
29018
29020
29030
29031
29032
29033
29036
29037
29038
29039
29040
29042
29044
29045
29047
29048
29051
29052
29053
29054
29055
29056
29058
29059
29061
29063
29065
29067
29069
29070
29072
29073
29074
29075
29078

Rep. Cases

Est. Cases

Total Cases

22
96
99
20
271
18
25
185
33
335
36
2
34
143
217
6
20
35
87
55
48
288
74
31
14
21
235
90
52
19
19
63
124
284
7
57
40
139
531
385
1
35
165

135
590
608
123
1,665
111
154
1,136
203
2,058
221
12
209
878
1,333
37
123
215
534
338
295
1,769
455
190
86
129
1,444
553
319
117
117
387
762
1,745
43
350
246
854
3,262
2,365
6
215
1,014

157
686
707
143
1,936
129
179
1,321
236
2,393
257
14
243
1,021
1,550
43
143
250
621
393
343
2,057
529
221
100
150
1,679
643
371
136
136
450
886
2,029
50
407
286
993
3,793
2,750
7
250
1,179

COVID-19 Confirmed Cases, by Zip Code
Zip

29080
29081
29082
29101
29102
29104
29105
29107
29108
29111
29112
29113
29114
29115
29118
29122
29123
29125
29126
29127
29128
29129
29130
29133
29135
29137
29138
29142
29145
29146
29148
29150
29152
29153
29154
29160
29161
29162
29163
29164
29166
29168
29169

Rep. Cases

Est. Cases

Total Cases

44
12
9
18
291
13
14
28
223
8
79
10
21
450
179
0
54
42
15
78
112
16
146
13
95
21
245
78
3
6
97
514
8
205
325
65
105
43
27
34
2
33
318

270
74
55
111
1,788
80
86
172
1,370
49
485
61
129
2,764
1,100
6
332
258
92
479
688
98
897
80
584
129
1,505
479
18
37
596
3,157
49
1,259
1,996
399
645
264
166
209
12
203
1,953

314
86
64
129
2,079
93
100
200
1,593
57
564
71
150
3,214
1,279
6
386
300
107
557
800
114
1,043
93
679
150
1,750
557
21
43
693
3,671
57
1,464
2,321
464
750
307
193
243
14
236
2,271

COVID-19 Confirmed Cases, by Zip Code
Zip

29170
29172
29175
29178
29180
29201
29203
29204
29205
29206
29207
29208
29209
29210
29212
29223
29229
29301
29302
29303
29306
29307
29316
29321
29322
29323
29325
29330
29332
29333
29334
29335
29340
29341
29346
29349
29351
29353
29355
29356
29360
29365
29369

Rep. Cases

Est. Cases

Total Cases

221
77
1
24
168
382
424
195
276
195
352
8
329
456
194
656
483
257
141
209
121
110
193
14
45
112
283
45
27
7
129
39
74
117
2
254
8
19
9
44
223
103
86

1,358
473
6
147
1,032
2,347
2,605
1,198
1,695
1,198
2,162
49
2,021
2,801
1,192
4,030
2,967
1,579
866
1,284
743
676
1,186
86
276
688
1,738
276
166
43
792
240
455
719
12
1,560
49
117
55
270
1,370
633
528

1,579
550
7
171
1,200
2,729
3,029
1,393
1,971
1,393
2,514
57
2,350
3,257
1,386
4,686
3,450
1,836
1,007
1,493
864
786
1,379
100
321
800
2,021
321
193
50
921
279
529
836
14
1,814
57
136
64
314
1,593
736
614

COVID-19 Confirmed Cases, by Zip Code
Zip

29370
29372
29374
29375
29376
29377
29379
29384
29385
29388
29401
29403
29404
29405
29406
29407
29409
29410
29412
29414
29418
29420
29424
29425
29426
29429
29431
29432
29434
29435
29436
29437
29438
29439
29440
29445
29446
29448
29449
29450
29451
29452
29453

Rep. Cases

Est. Cases

Total Cases

8
36
27
3
63
0
112
26
93
109
176
962
17
580
700
560
7
336
615
554
486
365
0
0
18
51
27
22
0
47
24
31
30
30
269
716
8
14
136
35
30
4
9

49
221
166
18
387
6
688
160
571
670
1,081
5,909
104
3,563
4,300
3,440
43
2,064
3,778
3,403
2,985
2,242
6
6
111
313
166
135
6
289
147
190
184
184
1,652
4,398
49
86
835
215
184
25
55

57
257
193
21
450
6
800
186
664
779
1,257
6,871
121
4,143
5,000
4,000
50
2,400
4,393
3,957
3,471
2,607
6
6
129
364
193
157
6
336
171
221
214
214
1,921
5,114
57
100
971
250
214
29
64

COVID-19 Confirmed Cases, by Zip Code
Zip

29455
29456
29458
29461
29464
29466
29468
29469
29470
29471
29472
29474
29475
29477
29479
29481
29482
29483
29485
29486
29487
29488
29492
29493
29501
29505
29506
29510
29511
29512
29516
29518
29519
29520
29525
29526
29527
29530
29532
29536
29540
29541
29543

Rep. Cases

Est. Cases

Total Cases

366
419
24
354
823
374
10
8
63
15
68
11
16
50
52
47
24
499
425
239
47
296
155
3
548
269
201
76
57
207
7
16
11
210
26
704
278
34
230
185
45
90
16

2,248
2,574
147
2,175
5,056
2,297
61
49
387
92
418
68
98
307
319
289
147
3,065
2,611
1,468
289
1,818
952
18
3,366
1,652
1,235
467
350
1,272
43
98
68
1,290
160
4,325
1,708
209
1,413
1,136
276
553
98

2,614
2,993
171
2,529
5,879
2,671
71
57
450
107
486
79
114
357
371
336
171
3,564
3,036
1,707
336
2,114
1,107
21
3,914
1,921
1,436
543
407
1,479
50
114
79
1,500
186
5,029
1,986
243
1,643
1,321
321
643
114

COVID-19 Confirmed Cases, by Zip Code
Zip

29544
29545
29546
29547
29550
29554
29555
29556
29560
29563
29564
29565
29566
29567
29568
29569
29570
29571
29572
29574
29575
29576
29577
29579
29580
29581
29582
29583
29584
29585
29588
29590
29591
29592
29593
29594
29596
29601
29605
29607
29609
29611
29615

Rep. Cases

Est. Cases

Total Cases

46
24
24
41
230
144
37
246
167
33
4
83
315
11
280
321
34
140
189
118
268
463
674
816
16
41
317
39
17
213
849
20
59
11
5
0
21
257
629
513
448
828
404

283
147
147
252
1,413
885
227
1,511
1,026
203
25
510
1,935
68
1,720
1,972
209
860
1,161
725
1,646
2,844
4,140
5,013
98
252
1,947
240
104
1,308
5,215
123
362
68
31
6
129
1,579
3,864
3,151
2,752
5,086
2,482

329
171
171
293
1,643
1,029
264
1,757
1,193
236
29
593
2,250
79
2,000
2,293
243
1,000
1,350
843
1,914
3,307
4,814
5,829
114
293
2,264
279
121
1,521
6,064
143
421
79
36
6
150
1,836
4,493
3,664
3,200
5,914
2,886

COVID-19 Confirmed Cases, by Zip Code
Zip

29617
29620
29621
29624
29625
29626
29627
29628
29630
29631
29634
29635
29638
29639
29640
29642
29643
29644
29645
29646
29649
29650
29651
29653
29654
29655
29657
29658
29661
29662
29664
29665
29666
29667
29669
29670
29671
29672
29673
29676
29678
29680
29681

Rep. Cases

Est. Cases

Total Cases

581
64
270
88
133
64
74
13
113
221
20
10
6
3
272
306
12
178
90
432
237
368
492
44
40
28
101
0
53
138
3
1
44
2
104
53
89
53
316
22
158
322
481

3,569
393
1,659
541
817
393
455
80
694
1,358
123
61
37
18
1,671
1,880
74
1,093
553
2,654
1,456
2,261
3,022
270
246
172
620
6
326
848
18
6
270
12
639
326
547
326
1,941
135
971
1,978
2,955

4,150
457
1,929
629
950
457
529
93
807
1,579
143
71
43
21
1,943
2,186
86
1,271
643
3,086
1,693
2,629
3,514
314
286
200
721
6
379
986
21
7
314
14
743
379
636
379
2,257
157
1,129
2,300
3,436

COVID-19 Confirmed Cases, by Zip Code
Zip

29682
29683
29684
29685
29686
29687
29689
29690
29691
29692
29693
29696
29697
29702
29704
29706
29707
29708
29709
29710
29712
29714
29715
29717
29718
29720
29726
29727
29728
29729
29730
29732
29741
29742
29743
29745
29801
29803
29805
29809
29810
29812
29817

Rep. Cases

Est. Cases

Total Cases

20
1
17
7
1
465
17
153
94
31
55
28
107
29
23
133
120
209
49
228
15
34
244
9
28
455
4
14
87
26
422
425
11
10
5
216
106
110
16
6
43
57
51

123
6
104
43
6
2,856
104
940
577
190
338
172
657
178
141
817
737
1,284
301
1,401
92
209
1,499
55
172
2,795
25
86
534
160
2,592
2,611
68
61
31
1,327
651
676
98
37
264
350
313

143
7
121
50
7
3,321
121
1,093
671
221
393
200
764
207
164
950
857
1,493
350
1,629
107
243
1,743
64
200
3,250
29
100
621
186
3,014
3,036
79
71
36
1,543
757
786
114
43
307
407
364

COVID-19 Confirmed Cases, by Zip Code
Zip

29819
29821
29824
29827
29828
29829
29831
29832
29835
29836
29838
29840
29841
29842
29843
29845
29847
29848
29849
29851
29853
29856
29860
29902
29904
29906
29907
29909
29910
29911
29912
29915
29916
29918
29920
29921
29922
29923
29924
29926
29927
29928
29929

Rep. Cases

Est. Cases

Total Cases

7
3
37
35
0
41
9
33
34
0
1
3
160
28
3
1
23
4
2
26
24
10
64
375
10
179
89
101
535
4
1
1
2
17
69
0
3
6
30
268
140
134
6

43
18
227
215
6
252
55
203
209
6
6
18
983
172
18
6
141
25
12
160
147
61
393
2,304
61
1,100
547
620
3,286
25
6
6
12
104
424
6
18
37
184
1,646
860
823
37

50
21
264
250
6
293
64
236
243
6
7
21
1,143
200
21
7
164
29
14
186
171
71
457
2,679
71
1,279
636
721
3,821
29
7
7
14
121
493
6
21
43
214
1,914
1,000
957
43

COVID-19 Confirmed Cases, by Zip Code
Zip

29932
29934
29935
29936
29940
29941
29943
29944
29945

Rep. Cases

Est. Cases

Total Cases

1
5
29
110
25
1
3
27
35

6
31
178
676
154
6
18
166
215

7
36
207
786
179
7
21
193
250

