COVID-19 Confirmed Cases, by Zip Code
Reported Cases
0 Cases
1 - 10 Cases
11 - 24 Cases
25-49 Cases
50-100 Cases
>100 Cases

© OpenStreetMap

COVID-19 Confirmed Cases, by Zip Code
Zip

29001
29003
29006
29009
29010
29014
29015
29016
29018
29020
29030
29031
29032
29033
29036
29037
29038
29039
29040
29042
29044
29045
29047
29048
29051
29052
29053
29054
29055
29056
29058
29059
29061
29063
29065
29067
29069
29070
29072
29073
29074
29075
29078

Rep. Cases

Est. Cases

Total Cases

16
32
42
13
213
14
20
118
13
221
23
2
22
66
106
2
11
14
51
30
23
202
51
18
12
10
120
37
45
11
10
24
65
141
3
33
24
56
308
198
0
13
105

98
197
258
80
1,308
86
123
725
80
1,358
141
12
135
405
651
12
68
86
313
184
141
1,241
313
111
74
61
737
227
276
68
61
147
399
866
18
203
147
344
1,892
1,216
6
80
645

114
229
300
93
1,521
100
143
843
93
1,579
164
14
157
471
757
14
79
100
364
214
164
1,443
364
129
86
71
857
264
321
79
71
171
464
1,007
21
236
171
400
2,200
1,414
6
93
750

COVID-19 Confirmed Cases, by Zip Code
Zip

29080
29081
29082
29101
29102
29104
29105
29107
29108
29111
29112
29113
29114
29115
29118
29122
29123
29125
29126
29127
29128
29129
29130
29133
29135
29137
29138
29142
29145
29146
29148
29150
29152
29153
29154
29160
29161
29162
29163
29164
29166
29168
29169

Rep. Cases

Est. Cases

Total Cases

32
1
5
14
228
9
4
13
75
5
38
1
13
205
65
0
20
26
6
25
74
11
125
3
46
14
168
34
2
3
81
292
3
115
212
37
61
22
20
18
0
19
212

197
6
31
86
1,401
55
25
80
461
31
233
6
80
1,259
399
6
123
160
37
154
455
68
768
18
283
86
1,032
209
12
18
498
1,794
18
706
1,302
227
375
135
123
111
6
117
1,302

229
7
36
100
1,629
64
29
93
536
36
271
7
93
1,464
464
6
143
186
43
179
529
79
893
21
329
100
1,200
243
14
21
579
2,086
21
821
1,514
264
436
157
143
129
6
136
1,514

COVID-19 Confirmed Cases, by Zip Code
Zip

29170
29172
29175
29178
29180
29201
29203
29204
29205
29206
29207
29208
29209
29210
29212
29223
29229
29301
29302
29303
29306
29307
29316
29321
29322
29323
29325
29330
29332
29333
29334
29335
29340
29341
29346
29349
29351
29353
29355
29356
29360
29365
29369

Rep. Cases

Est. Cases

Total Cases

145
52
1
8
98
271
229
115
168
116
199
4
169
216
106
440
310
138
69
144
62
58
90
4
22
47
107
29
4
1
75
9
33
59
0
161
4
6
7
25
77
51
46

891
319
6
49
602
1,665
1,407
706
1,032
713
1,222
25
1,038
1,327
651
2,703
1,904
848
424
885
381
356
553
25
135
289
657
178
25
6
461
55
203
362
6
989
25
37
43
154
473
313
283

1,036
371
7
57
700
1,936
1,636
821
1,200
829
1,421
29
1,207
1,543
757
3,143
2,214
986
493
1,029
443
414
643
29
157
336
764
207
29
7
536
64
236
421
6
1,150
29
43
50
179
550
364
329

COVID-19 Confirmed Cases, by Zip Code
Zip

29370
29372
29374
29375
29376
29377
29379
29384
29385
29388
29401
29403
29404
29405
29406
29407
29409
29410
29412
29414
29418
29420
29424
29425
29426
29429
29431
29432
29434
29435
29436
29437
29438
29439
29440
29445
29446
29448
29449
29450
29451
29452
29453

Rep. Cases

Est. Cases

Total Cases

4
16
16
1
29
0
48
7
69
52
67
324
6
118
225
147
2
135
148
133
137
115
0
0
7
19
4
12
0
16
8
5
4
8
105
198
3
4
30
6
15
2
2

25
98
98
6
178
6
295
43
424
319
412
1,990
37
725
1,382
903
12
829
909
817
842
706
6
6
43
117
25
74
6
98
49
31
25
49
645
1,216
18
25
184
37
92
12
12

29
114
114
7
207
6
343
50
493
371
479
2,314
43
843
1,607
1,050
14
964
1,057
950
979
821
6
6
50
136
29
86
6
114
57
36
29
57
750
1,414
21
29
214
43
107
14
14

COVID-19 Confirmed Cases, by Zip Code
Zip

29455
29456
29458
29461
29464
29466
29468
29469
29470
29471
29472
29474
29475
29477
29479
29481
29482
29483
29485
29486
29487
29488
29492
29493
29501
29505
29506
29510
29511
29512
29516
29518
29519
29520
29525
29526
29527
29530
29532
29536
29540
29541
29543

Rep. Cases

Est. Cases

Total Cases

88
117
13
123
219
132
3
4
16
5
8
2
9
14
24
24
13
144
114
79
7
172
35
2
334
158
140
32
27
175
7
13
4
168
20
246
123
21
183
119
38
50
9

541
719
80
756
1,345
811
18
25
98
31
49
12
55
86
147
147
80
885
700
485
43
1,057
215
12
2,052
971
860
197
166
1,075
43
80
25
1,032
123
1,511
756
129
1,124
731
233
307
55

629
836
93
879
1,564
943
21
29
114
36
57
14
64
100
171
171
93
1,029
814
564
50
1,229
250
14
2,386
1,129
1,000
229
193
1,250
50
93
29
1,200
143
1,757
879
150
1,307
850
271
357
64

COVID-19 Confirmed Cases, by Zip Code
Zip

29544
29545
29546
29547
29550
29554
29555
29556
29560
29563
29564
29565
29566
29567
29568
29569
29570
29571
29572
29574
29575
29576
29577
29579
29580
29581
29582
29583
29584
29585
29588
29590
29591
29592
29593
29594
29596
29601
29605
29607
29609
29611
29615

Rep. Cases

Est. Cases

Total Cases

15
14
11
26
136
86
23
194
105
16
5
49
133
6
173
191
24
71
74
62
86
110
216
293
11
26
124
31
14
91
205
14
44
8
3
0
15
133
377
206
275
564
181

92
86
68
160
835
528
141
1,192
645
98
31
301
817
37
1,063
1,173
147
436
455
381
528
676
1,327
1,800
68
160
762
190
86
559
1,259
86
270
49
18
6
92
817
2,316
1,265
1,689
3,465
1,112

107
100
79
186
971
614
164
1,386
750
114
36
350
950
43
1,236
1,364
171
507
529
443
614
786
1,543
2,093
79
186
886
221
100
650
1,464
100
314
57
21
6
107
950
2,693
1,471
1,964
4,029
1,293

COVID-19 Confirmed Cases, by Zip Code
Zip

29617
29620
29621
29624
29625
29626
29627
29628
29630
29631
29634
29635
29638
29639
29640
29642
29643
29644
29645
29646
29649
29650
29651
29653
29654
29655
29657
29658
29661
29662
29664
29665
29666
29667
29669
29670
29671
29672
29673
29676
29678
29680
29681

Rep. Cases

Est. Cases

Total Cases

365
51
110
43
60
28
35
6
29
82
14
5
2
2
155
140
1
79
37
203
128
195
266
18
22
18
42
0
32
61
0
0
20
0
54
17
53
13
157
8
52
137
214

2,242
313
676
264
369
172
215
37
178
504
86
31
12
12
952
860
6
485
227
1,247
786
1,198
1,634
111
135
111
258
6
197
375
6
6
123
6
332
104
326
80
964
49
319
842
1,315

2,607
364
786
307
429
200
250
43
207
586
100
36
14
14
1,107
1,000
7
564
264
1,450
914
1,393
1,900
129
157
129
300
6
229
436
6
6
143
6
386
121
379
93
1,121
57
371
979
1,529

COVID-19 Confirmed Cases, by Zip Code
Zip

29682
29683
29684
29685
29686
29687
29689
29690
29691
29692
29693
29696
29697
29702
29704
29706
29707
29708
29709
29710
29712
29714
29715
29717
29718
29720
29726
29727
29728
29729
29730
29732
29741
29742
29743
29745
29801
29803
29805
29809
29810
29812
29817

Rep. Cases

Est. Cases

Total Cases

10
1
7
3
0
251
6
69
30
14
22
7
51
9
10
53
65
91
41
112
9
17
103
5
20
248
1
6
51
12
208
215
7
4
2
83
41
50
4
3
22
23
28

61
6
43
18
6
1,542
37
424
184
86
135
43
313
55
61
326
399
559
252
688
55
104
633
31
123
1,523
6
37
313
74
1,278
1,321
43
25
12
510
252
307
25
18
135
141
172

71
7
50
21
6
1,793
43
493
214
100
157
50
364
64
71
379
464
650
293
800
64
121
736
36
143
1,771
7
43
364
86
1,486
1,536
50
29
14
593
293
357
29
21
157
164
200

COVID-19 Confirmed Cases, by Zip Code
Zip

29819
29821
29824
29827
29828
29829
29831
29832
29835
29836
29838
29840
29841
29842
29843
29845
29847
29848
29849
29851
29853
29856
29860
29902
29904
29906
29907
29909
29910
29911
29912
29915
29916
29918
29920
29921
29922
29923
29924
29926
29927
29928
29929

Rep. Cases

Est. Cases

Total Cases

2
0
14
17
0
25
5
27
10
0
1
0
75
11
0
0
12
3
2
10
11
2
27
182
1
92
40
47
232
2
1
1
2
10
40
0
3
1
18
128
45
54
5

12
6
86
104
6
154
31
166
61
6
6
6
461
68
6
6
74
18
12
61
68
12
166
1,118
6
565
246
289
1,425
12
6
6
12
61
246
6
18
6
111
786
276
332
31

14
6
100
121
6
179
36
193
71
6
7
6
536
79
6
6
86
21
14
71
79
14
193
1,300
7
657
286
336
1,657
14
7
7
14
71
286
6
21
7
129
914
321
386
36

COVID-19 Confirmed Cases, by Zip Code
Zip

29932
29934
29935
29936
29940
29941
29943
29944
29945

Rep. Cases

Est. Cases

Total Cases

1
3
14
32
6
1
1
10
21

6
18
86
197
37
6
6
61
129

7
21
100
229
43
7
7
71
150

