COVID-19 Confirmed Cases, by Zip Code
Reported Cases
0 Cases
1 - 10 Cases
11 - 24 Cases
25-49 Cases
50-100 Cases
>100 Cases

© OpenStreetMap

COVID-19 Confirmed Cases, by Zip Code
Zip

29001
29003
29006
29009
29010
29014
29015
29016
29018
29020
29030
29031
29032
29033
29036
29037
29038
29039
29040
29042
29044
29045
29047
29048
29051
29052
29053
29054
29055
29056
29058
29059
29061
29063
29065
29067
29069
29070
29072
29073
29074
29075
29078

Rep. Cases

Est. Cases

Total Cases

18
64
70
13
240
16
23
152
24
267
30
2
27
94
161
3
14
21
75
42
35
245
58
24
13
17
177
64
47
16
16
40
97
223
5
47
29
90
425
293
0
24
136

111
393
430
80
1,474
98
141
934
147
1,640
184
12
166
577
989
18
86
129
461
258
215
1,505
356
147
80
104
1,087
393
289
98
98
246
596
1,370
31
289
178
553
2,611
1,800
6
147
835

129
457
500
93
1,714
114
164
1,086
171
1,907
214
14
193
671
1,150
21
100
150
536
300
250
1,750
414
171
93
121
1,264
457
336
114
114
286
693
1,593
36
336
207
643
3,036
2,093
6
171
971

COVID-19 Confirmed Cases, by Zip Code
Zip

29080
29081
29082
29101
29102
29104
29105
29107
29108
29111
29112
29113
29114
29115
29118
29122
29123
29125
29126
29127
29128
29129
29130
29133
29135
29137
29138
29142
29145
29146
29148
29150
29152
29153
29154
29160
29161
29162
29163
29164
29166
29168
29169

Rep. Cases

Est. Cases

Total Cases

35
7
8
16
248
12
13
20
159
8
53
2
14
305
109
0
26
33
11
46
98
12
134
9
59
16
194
54
1
5
89
385
3
148
270
52
74
34
24
25
1
28
260

215
43
49
98
1,523
74
80
123
977
49
326
12
86
1,874
670
6
160
203
68
283
602
74
823
55
362
98
1,192
332
6
31
547
2,365
18
909
1,659
319
455
209
147
154
6
172
1,597

250
50
57
114
1,771
86
93
143
1,136
57
379
14
100
2,179
779
6
186
236
79
329
700
86
957
64
421
114
1,386
386
7
36
636
2,750
21
1,057
1,929
371
529
243
171
179
7
200
1,857

COVID-19 Confirmed Cases, by Zip Code
Zip

29170
29172
29175
29178
29180
29201
29203
29204
29205
29206
29207
29208
29209
29210
29212
29223
29229
29301
29302
29303
29306
29307
29316
29321
29322
29323
29325
29330
29332
29333
29334
29335
29340
29341
29346
29349
29351
29353
29355
29356
29360
29365
29369

Rep. Cases

Est. Cases

Total Cases

192
64
1
12
128
340
313
162
221
164
244
8
232
321
144
553
372
183
101
156
82
68
126
8
29
75
212
38
9
1
94
21
45
83
2
204
5
9
9
38
143
69
60

1,179
393
6
74
786
2,089
1,923
995
1,358
1,007
1,499
49
1,425
1,972
885
3,397
2,285
1,124
620
958
504
418
774
49
178
461
1,302
233
55
6
577
129
276
510
12
1,253
31
55
55
233
878
424
369

1,371
457
7
86
914
2,429
2,236
1,157
1,579
1,171
1,743
57
1,657
2,293
1,029
3,950
2,657
1,307
721
1,114
586
486
900
57
207
536
1,514
271
64
7
671
150
321
593
14
1,457
36
64
64
271
1,021
493
429

COVID-19 Confirmed Cases, by Zip Code
Zip

29370
29372
29374
29375
29376
29377
29379
29384
29385
29388
29401
29403
29404
29405
29406
29407
29409
29410
29412
29414
29418
29420
29424
29425
29426
29429
29431
29432
29434
29435
29436
29437
29438
29439
29440
29445
29446
29448
29449
29450
29451
29452
29453

Rep. Cases

Est. Cases

Total Cases

4
26
22
2
38
0
70
14
78
65
131
628
12
302
403
321
4
218
355
306
268
203
0
0
11
34
14
15
0
33
14
9
13
16
169
373
5
7
69
13
23
3
4

25
160
135
12
233
6
430
86
479
399
805
3,858
74
1,855
2,476
1,972
25
1,339
2,181
1,880
1,646
1,247
6
6
68
209
86
92
6
203
86
55
80
98
1,038
2,291
31
43
424
80
141
18
25

29
186
157
14
271
6
500
100
557
464
936
4,486
86
2,157
2,879
2,293
29
1,557
2,536
2,186
1,914
1,450
6
6
79
243
100
107
6
236
100
64
93
114
1,207
2,664
36
50
493
93
164
21
29

COVID-19 Confirmed Cases, by Zip Code
Zip

29455
29456
29458
29461
29464
29466
29468
29469
29470
29471
29472
29474
29475
29477
29479
29481
29482
29483
29485
29486
29487
29488
29492
29493
29501
29505
29506
29510
29511
29512
29516
29518
29519
29520
29525
29526
29527
29530
29532
29536
29540
29541
29543

Rep. Cases

Est. Cases

Total Cases

205
232
17
204
484
247
6
4
34
7
26
4
12
24
31
33
18
275
235
133
20
220
87
3
422
211
169
50
42
192
7
14
5
182
24
438
193
28
200
152
42
60
12

1,259
1,425
104
1,253
2,973
1,517
37
25
209
43
160
25
74
147
190
203
111
1,689
1,444
817
123
1,351
534
18
2,592
1,296
1,038
307
258
1,179
43
86
31
1,118
147
2,691
1,186
172
1,229
934
258
369
74

1,464
1,657
121
1,457
3,457
1,764
43
29
243
50
186
29
86
171
221
236
129
1,964
1,679
950
143
1,571
621
21
3,014
1,507
1,207
357
300
1,371
50
100
36
1,300
171
3,129
1,379
200
1,429
1,086
300
429
86

COVID-19 Confirmed Cases, by Zip Code
Zip

29544
29545
29546
29547
29550
29554
29555
29556
29560
29563
29564
29565
29566
29567
29568
29569
29570
29571
29572
29574
29575
29576
29577
29579
29580
29581
29582
29583
29584
29585
29588
29590
29591
29592
29593
29594
29596
29601
29605
29607
29609
29611
29615

Rep. Cases

Est. Cases

Total Cases

33
16
14
33
173
111
33
224
139
24
5
71
217
7
230
242
29
95
122
88
165
265
380
498
12
33
223
33
15
145
469
19
49
11
4
0
16
196
478
345
359
689
278

203
98
86
203
1,063
682
203
1,376
854
147
31
436
1,333
43
1,413
1,487
178
584
749
541
1,014
1,628
2,334
3,059
74
203
1,370
203
92
891
2,881
117
301
68
25
6
98
1,204
2,936
2,119
2,205
4,232
1,708

236
114
100
236
1,236
793
236
1,600
993
171
36
507
1,550
50
1,643
1,729
207
679
871
629
1,179
1,893
2,714
3,557
86
236
1,593
236
107
1,036
3,350
136
350
79
29
6
114
1,400
3,414
2,464
2,564
4,921
1,986

COVID-19 Confirmed Cases, by Zip Code
Zip

29617
29620
29621
29624
29625
29626
29627
29628
29630
29631
29634
29635
29638
29639
29640
29642
29643
29644
29645
29646
29649
29650
29651
29653
29654
29655
29657
29658
29661
29662
29664
29665
29666
29667
29669
29670
29671
29672
29673
29676
29678
29680
29681

Rep. Cases

Est. Cases

Total Cases

462
54
164
52
81
43
48
10
76
188
15
5
3
3
206
206
4
121
59
287
161
276
347
29
28
21
69
0
42
84
2
0
27
1
73
30
72
29
208
18
99
212
332

2,838
332
1,007
319
498
264
295
61
467
1,155
92
31
18
18
1,265
1,265
25
743
362
1,763
989
1,695
2,132
178
172
129
424
6
258
516
12
6
166
6
448
184
442
178
1,278
111
608
1,302
2,039

3,300
386
1,171
371
579
307
343
71
543
1,343
107
36
21
21
1,471
1,471
29
864
421
2,050
1,150
1,971
2,479
207
200
150
493
6
300
600
14
6
193
7
521
214
514
207
1,486
129
707
1,514
2,371

COVID-19 Confirmed Cases, by Zip Code
Zip

29682
29683
29684
29685
29686
29687
29689
29690
29691
29692
29693
29696
29697
29702
29704
29706
29707
29708
29709
29710
29712
29714
29715
29717
29718
29720
29726
29727
29728
29729
29730
29732
29741
29742
29743
29745
29801
29803
29805
29809
29810
29812
29817

Rep. Cases

Est. Cases

Total Cases

18
1
13
4
1
337
10
100
61
22
36
18
69
16
13
76
85
157
44
167
13
25
155
6
23
360
1
10
71
17
285
301
10
6
3
132
72
70
7
4
24
34
34

111
6
80
25
6
2,070
61
614
375
135
221
111
424
98
80
467
522
964
270
1,026
80
154
952
37
141
2,211
6
61
436
104
1,751
1,849
61
37
18
811
442
430
43
25
147
209
209

129
7
93
29
7
2,407
71
714
436
157
257
129
493
114
93
543
607
1,121
314
1,193
93
179
1,107
43
164
2,571
7
71
507
121
2,036
2,150
71
43
21
943
514
500
50
29
171
243
243

COVID-19 Confirmed Cases, by Zip Code
Zip

29819
29821
29824
29827
29828
29829
29831
29832
29835
29836
29838
29840
29841
29842
29843
29845
29847
29848
29849
29851
29853
29856
29860
29902
29904
29906
29907
29909
29910
29911
29912
29915
29916
29918
29920
29921
29922
29923
29924
29926
29927
29928
29929

Rep. Cases

Est. Cases

Total Cases

3
1
19
20
0
30
6
29
15
0
1
0
102
20
1
0
15
3
2
11
17
5
37
248
5
129
62
67
338
4
1
1
2
12
49
0
3
4
24
189
78
84
5

18
6
117
123
6
184
37
178
92
6
6
6
627
123
6
6
92
18
12
68
104
31
227
1,523
31
792
381
412
2,076
25
6
6
12
74
301
6
18
25
147
1,161
479
516
31

21
7
136
143
6
214
43
207
107
6
7
6
729
143
7
6
107
21
14
79
121
36
264
1,771
36
921
443
479
2,414
29
7
7
14
86
350
6
21
29
171
1,350
557
600
36

COVID-19 Confirmed Cases, by Zip Code
Zip

29932
29934
29935
29936
29940
29941
29943
29944
29945

Rep. Cases

Est. Cases

Total Cases

1
3
22
55
13
1
2
14
24

6
18
135
338
80
6
12
86
147

7
21
157
393
93
7
14
100
171

