COVID-19 Confirmed Cases, by Zip Code
Reported Cases
0 Cases
1 - 10 Cases
11 - 24 Cases
25-49 Cases
50-100 Cases
>100 Cases

© OpenStreetMap

COVID-19 Confirmed Cases, by Zip Code
Zip

29001
29003
29006
29009
29010
29014
29015
29016
29018
29020
29030
29031
29032
29033
29036
29037
29038
29039
29040
29042
29044
29045
29047
29048
29051
29052
29053
29054
29055
29056
29058
29059
29061
29063
29065
29067
29069
29070
29072
29073
29074
29075
29078

Rep. Cases

Est. Cases

Total Cases

21
91
93
17
267
17
25
174
30
325
34
2
34
126
205
5
19
32
85
49
46
278
67
30
14
20
217
86
52
18
18
55
120
271
7
53
36
133
499
362
1
31
164

129
559
571
104
1,640
104
154
1,069
184
1,996
209
12
209
774
1,259
31
117
197
522
301
283
1,708
412
184
86
123
1,333
528
319
111
111
338
737
1,665
43
326
221
817
3,065
2,224
6
190
1,007

150
650
664
121
1,907
121
179
1,243
214
2,321
243
14
243
900
1,464
36
136
229
607
350
329
1,986
479
214
100
143
1,550
614
371
129
129
393
857
1,936
50
379
257
950
3,564
2,586
7
221
1,171

COVID-19 Confirmed Cases, by Zip Code
Zip

29080
29081
29082
29101
29102
29104
29105
29107
29108
29111
29112
29113
29114
29115
29118
29122
29123
29125
29126
29127
29128
29129
29130
29133
29135
29137
29138
29142
29145
29146
29148
29150
29152
29153
29154
29160
29161
29162
29163
29164
29166
29168
29169

Rep. Cases

Est. Cases

Total Cases

42
12
8
18
277
13
14
24
207
8
71
5
17
400
154
0
50
40
13
70
111
15
141
13
78
18
229
74
2
6
92
484
7
192
308
63
97
41
27
32
1
32
301

258
74
49
111
1,702
80
86
147
1,272
49
436
31
104
2,457
946
6
307
246
80
430
682
92
866
80
479
111
1,407
455
12
37
565
2,973
43
1,179
1,892
387
596
252
166
197
6
197
1,849

300
86
57
129
1,979
93
100
171
1,479
57
507
36
121
2,857
1,100
6
357
286
93
500
793
107
1,007
93
557
129
1,636
529
14
43
657
3,457
50
1,371
2,200
450
693
293
193
229
7
229
2,150

COVID-19 Confirmed Cases, by Zip Code
Zip

29170
29172
29175
29178
29180
29201
29203
29204
29205
29206
29207
29208
29209
29210
29212
29223
29229
29301
29302
29303
29306
29307
29316
29321
29322
29323
29325
29330
29332
29333
29334
29335
29340
29341
29346
29349
29351
29353
29355
29356
29360
29365
29369

Rep. Cases

Est. Cases

Total Cases

215
74
1
20
147
370
403
184
262
189
341
8
301
418
179
633
455
228
128
187
107
101
172
14
41
101
274
41
20
6
118
32
68
100
2
246
8
15
9
43
201
99
79

1,321
455
6
123
903
2,273
2,476
1,130
1,609
1,161
2,095
49
1,849
2,568
1,100
3,888
2,795
1,401
786
1,149
657
620
1,057
86
252
620
1,683
252
123
37
725
197
418
614
12
1,511
49
92
55
264
1,235
608
485

1,536
529
7
143
1,050
2,643
2,879
1,314
1,871
1,350
2,436
57
2,150
2,986
1,279
4,521
3,250
1,629
914
1,336
764
721
1,229
100
293
721
1,957
293
143
43
843
229
486
714
14
1,757
57
107
64
307
1,436
707
564

COVID-19 Confirmed Cases, by Zip Code
Zip

29370
29372
29374
29375
29376
29377
29379
29384
29385
29388
29401
29403
29404
29405
29406
29407
29409
29410
29412
29414
29418
29420
29424
29425
29426
29429
29431
29432
29434
29435
29436
29437
29438
29439
29440
29445
29446
29448
29449
29450
29451
29452
29453

Rep. Cases

Est. Cases

Total Cases

8
33
27
2
57
0
99
18
88
96
168
878
16
528
637
507
6
315
577
505
453
331
0
0
18
45
24
21
0
42
21
22
26
26
257
644
7
14
122
29
28
3
7

49
203
166
12
350
6
608
111
541
590
1,032
5,393
98
3,243
3,913
3,114
37
1,935
3,544
3,102
2,783
2,033
6
6
111
276
147
129
6
258
129
135
160
160
1,579
3,956
43
86
749
178
172
18
43

57
236
193
14
407
6
707
129
629
686
1,200
6,271
114
3,771
4,550
3,621
43
2,250
4,121
3,607
3,236
2,364
6
6
129
321
171
150
6
300
150
157
186
186
1,836
4,600
50
100
871
207
200
21
50

COVID-19 Confirmed Cases, by Zip Code
Zip

29455
29456
29458
29461
29464
29466
29468
29469
29470
29471
29472
29474
29475
29477
29479
29481
29482
29483
29485
29486
29487
29488
29492
29493
29501
29505
29506
29510
29511
29512
29516
29518
29519
29520
29525
29526
29527
29530
29532
29536
29540
29541
29543

Rep. Cases

Est. Cases

Total Cases

337
373
21
322
778
344
9
7
57
13
59
8
16
41
48
45
23
454
390
224
43
275
138
3
520
254
192
71
52
207
7
15
9
205
26
652
254
32
218
177
45
84
15

2,070
2,291
129
1,978
4,779
2,113
55
43
350
80
362
49
98
252
295
276
141
2,789
2,396
1,376
264
1,689
848
18
3,194
1,560
1,179
436
319
1,272
43
92
55
1,259
160
4,005
1,560
197
1,339
1,087
276
516
92

2,407
2,664
150
2,300
5,557
2,457
64
50
407
93
421
57
114
293
343
321
164
3,243
2,786
1,600
307
1,964
986
21
3,714
1,814
1,371
507
371
1,479
50
107
64
1,464
186
4,657
1,814
229
1,557
1,264
321
600
107

COVID-19 Confirmed Cases, by Zip Code
Zip

29544
29545
29546
29547
29550
29554
29555
29556
29560
29563
29564
29565
29566
29567
29568
29569
29570
29571
29572
29574
29575
29576
29577
29579
29580
29581
29582
29583
29584
29585
29588
29590
29591
29592
29593
29594
29596
29601
29605
29607
29609
29611
29615

Rep. Cases

Est. Cases

Total Cases

43
24
23
41
217
139
36
237
164
30
4
83
296
10
273
307
33
134
175
116
251
434
625
750
16
38
300
36
17
203
795
20
58
11
5
0
21
242
600
454
425
802
378

264
147
141
252
1,333
854
221
1,456
1,007
184
25
510
1,818
61
1,677
1,886
203
823
1,075
713
1,542
2,666
3,839
4,607
98
233
1,843
221
104
1,247
4,884
123
356
68
31
6
129
1,487
3,686
2,789
2,611
4,927
2,322

307
171
164
293
1,550
993
257
1,693
1,171
214
29
593
2,114
71
1,950
2,193
236
957
1,250
829
1,793
3,100
4,464
5,357
114
271
2,143
257
121
1,450
5,679
143
414
79
36
6
150
1,729
4,286
3,243
3,036
5,729
2,700

COVID-19 Confirmed Cases, by Zip Code
Zip

29617
29620
29621
29624
29625
29626
29627
29628
29630
29631
29634
29635
29638
29639
29640
29642
29643
29644
29645
29646
29649
29650
29651
29653
29654
29655
29657
29658
29661
29662
29664
29665
29666
29667
29669
29670
29671
29672
29673
29676
29678
29680
29681

Rep. Cases

Est. Cases

Total Cases

557
61
250
80
120
60
71
12
107
215
18
9
5
3
255
279
11
159
80
381
215
342
451
33
38
25
89
0
51
129
3
1
37
2
89
49
82
46
293
21
133
291
437

3,422
375
1,536
491
737
369
436
74
657
1,321
111
55
31
18
1,566
1,714
68
977
491
2,340
1,321
2,101
2,770
203
233
154
547
6
313
792
18
6
227
12
547
301
504
283
1,800
129
817
1,788
2,684

3,979
436
1,786
571
857
429
507
86
764
1,536
129
64
36
21
1,821
1,993
79
1,136
571
2,721
1,536
2,443
3,221
236
271
179
636
6
364
921
21
7
264
14
636
350
586
329
2,093
150
950
2,079
3,121

COVID-19 Confirmed Cases, by Zip Code
Zip

29682
29683
29684
29685
29686
29687
29689
29690
29691
29692
29693
29696
29697
29702
29704
29706
29707
29708
29709
29710
29712
29714
29715
29717
29718
29720
29726
29727
29728
29729
29730
29732
29741
29742
29743
29745
29801
29803
29805
29809
29810
29812
29817

Rep. Cases

Est. Cases

Total Cases

19
1
17
7
1
417
15
139
78
28
52
25
93
26
21
114
114
196
47
212
14
32
222
9
26
426
4
12
82
24
388
381
10
9
4
199
99
105
14
5
39
48
40

117
6
104
43
6
2,562
92
854
479
172
319
154
571
160
129
700
700
1,204
289
1,302
86
197
1,364
55
160
2,617
25
74
504
147
2,383
2,340
61
55
25
1,222
608
645
86
31
240
295
246

136
7
121
50
7
2,979
107
993
557
200
371
179
664
186
150
814
814
1,400
336
1,514
100
229
1,586
64
186
3,043
29
86
586
171
2,771
2,721
71
64
29
1,421
707
750
100
36
279
343
286

COVID-19 Confirmed Cases, by Zip Code
Zip

29819
29821
29824
29827
29828
29829
29831
29832
29835
29836
29838
29840
29841
29842
29843
29845
29847
29848
29849
29851
29853
29856
29860
29902
29904
29906
29907
29909
29910
29911
29912
29915
29916
29918
29920
29921
29922
29923
29924
29926
29927
29928
29929

Rep. Cases

Est. Cases

Total Cases

7
2
26
29
0
38
9
32
25
0
1
2
141
25
3
1
22
3
2
21
21
8
57
328
9
166
75
91
467
4
1
1
2
16
60
0
3
6
29
256
121
128
5

43
12
160
178
6
233
55
197
154
6
6
12
866
154
18
6
135
18
12
129
129
49
350
2,015
55
1,020
461
559
2,869
25
6
6
12
98
369
6
18
37
178
1,573
743
786
31

50
14
186
207
6
271
64
229
179
6
7
14
1,007
179
21
7
157
21
14
150
150
57
407
2,343
64
1,186
536
650
3,336
29
7
7
14
114
429
6
21
43
207
1,829
864
914
36

COVID-19 Confirmed Cases, by Zip Code
Zip

29932
29934
29935
29936
29940
29941
29943
29944
29945

Rep. Cases

Est. Cases

Total Cases

1
5
26
91
23
1
3
20
33

6
31
160
559
141
6
18
123
203

7
36
186
650
164
7
21
143
236

