COVID-19 Cases, by Zip Code
Reported Cases
0 Cases
1 - 5 Cases
6 - 15 Cases
16 - 40 Cases
>40 Cases

© OpenStreetMap

COVID-19 Cases by Zip Code
Zip

29001
29003
29006
29009
29010
29014
29015
29016
29018
29020
29030
29031
29032
29033
29036
29037
29038
29039
29040
29042
29044
29045
29047
29048
29051
29052
29053
29054
29055
29056
29058
29059
29061
29063
29065
29067
29069
29070
29072
29073
29074
29075
29078

Rep. Cases

Est. Cases

Total Cases

11
6
22
6
105
2
3
55
1
134
1
1
7
11
54
1
4
5
19
9
14
73
3
10
4
5
40
10
5
3
4
11
33
50
1
12
12
25
89
58
0
2
51

68
37
135
37
645
12
18
338
6
823
6
6
43
68
332
6
25
31
117
55
86
448
18
61
25
31
246
61
31
18
25
68
203
307
6
74
74
154
547
356
6
12
313

79
43
157
43
750
14
21
393
7
957
7
7
50
79
386
7
29
36
136
64
100
521
21
71
29
36
286
71
36
21
29
79
236
357
7
86
86
179
636
414
6
14
364

COVID-19 Cases by Zip Code
Zip

29080
29081
29082
29101
29102
29104
29105
29107
29108
29111
29112
29113
29114
29115
29118
29122
29123
29125
29126
29127
29128
29129
29130
29133
29135
29137
29138
29142
29145
29146
29148
29150
29152
29153
29154
29160
29161
29162
29163
29164
29166
29168
29169

Rep. Cases

Est. Cases

Total Cases

18
0
0
7
180
3
2
4
11
3
16
0
11
25
13
0
6
13
1
9
29
7
73
1
7
9
89
8
1
2
68
103
3
47
88
16
33
11
7
6
0
5
48

111
6
6
43
1,106
18
12
25
68
18
98
6
68
154
80
6
37
80
6
55
178
43
448
6
43
55
547
49
6
12
418
633
18
289
541
98
203
68
43
37
6
31
295

129
6
6
50
1,286
21
14
29
79
21
114
6
79
179
93
6
43
93
7
64
207
50
521
7
50
64
636
57
7
14
486
736
21
336
629
114
236
79
50
43
6
36
343

COVID-19 Cases by Zip Code
Zip

29170
29172
29175
29178
29180
29201
29203
29204
29205
29206
29207
29208
29209
29210
29212
29223
29229
29301
29302
29303
29306
29307
29316
29321
29322
29323
29325
29330
29332
29333
29334
29335
29340
29341
29346
29349
29351
29353
29355
29356
29360
29365
29369

Rep. Cases

Est. Cases

Total Cases

31
21
1
4
24
31
135
56
26
31
91
2
78
116
42
229
176
29
17
23
31
15
35
1
6
19
14
4
1
0
24
4
13
7
0
40
0
1
1
7
17
24
15

190
129
6
25
147
190
829
344
160
190
559
12
479
713
258
1,407
1,081
178
104
141
190
92
215
6
37
117
86
25
6
6
147
25
80
43
6
246
6
6
6
43
104
147
92

221
150
7
29
171
221
964
400
186
221
650
14
557
829
300
1,636
1,257
207
121
164
221
107
250
7
43
136
100
29
7
6
171
29
93
50
6
286
6
7
7
50
121
171
107

COVID-19 Cases by Zip Code
Zip

29370
29372
29374
29375
29376
29377
29379
29384
29385
29388
29401
29403
29404
29405
29406
29407
29409
29410
29412
29414
29418
29420
29424
29425
29426
29429
29431
29432
29434
29435
29436
29437
29438
29439
29440
29445
29446
29448
29449
29450
29451
29452
29453

Rep. Cases

Est. Cases

Total Cases

2
9
5
1
16
0
28
1
23
16
13
29
2
41
30
43
1
49
44
38
28
29
0
13
1
6
0
1
0
3
2
1
1
3
25
39
1
2
10
2
8
0
1

12
55
31
6
98
6
172
6
141
98
80
178
12
252
184
264
6
301
270
233
172
178
6
80
6
37
6
6
6
18
12
6
6
18
154
240
6
12
61
12
49
6
6

14
64
36
7
114
6
200
7
164
114
93
207
14
293
214
307
7
350
314
271
200
207
6
93
7
43
6
7
6
21
14
7
7
21
179
279
7
14
71
14
57
6
7

COVID-19 Cases by Zip Code
Zip

29455
29456
29458
29461
29464
29466
29468
29469
29470
29471
29472
29474
29475
29477
29479
29481
29482
29483
29485
29486
29487
29488
29492
29493
29501
29505
29506
29510
29511
29512
29516
29518
29519
29520
29525
29526
29527
29530
29532
29536
29540
29541
29543

Rep. Cases

Est. Cases

Total Cases

15
24
3
71
67
46
2
0
4
2
3
0
3
5
11
1
7
33
37
12
5
33
11
0
158
75
83
9
6
56
6
4
0
46
5
30
32
11
76
66
18
29
0

92
147
18
436
412
283
12
6
25
12
18
6
18
31
68
6
43
203
227
74
31
203
68
6
971
461
510
55
37
344
37
25
6
283
31
184
197
68
467
405
111
178
6

107
171
21
507
479
329
14
6
29
14
21
6
21
36
79
7
50
236
264
86
36
236
79
6
1,129
536
593
64
43
400
43
29
6
329
36
214
229
79
543
471
129
207
6

COVID-19 Cases by Zip Code
Zip

29544
29545
29546
29547
29550
29554
29555
29556
29560
29563
29564
29565
29566
29567
29568
29569
29570
29571
29572
29574
29575
29576
29577
29579
29580
29581
29582
29583
29584
29585
29588
29590
29591
29592
29593
29594
29596
29601
29605
29607
29609
29611
29615

Rep. Cases

Est. Cases

Total Cases

4
2
4
7
87
29
12
104
51
11
3
25
14
4
21
32
2
29
6
15
13
25
30
23
8
7
8
18
2
14
35
9
26
1
1
0
2
33
87
54
97
97
54

25
12
25
43
534
178
74
639
313
68
18
154
86
25
129
197
12
178
37
92
80
154
184
141
49
43
49
111
12
86
215
55
160
6
6
6
12
203
534
332
596
596
332

29
14
29
50
621
207
86
743
364
79
21
179
100
29
150
229
14
207
43
107
93
179
214
164
57
50
57
129
14
100
250
64
186
7
7
6
14
236
621
386
693
693
386

COVID-19 Cases by Zip Code
Zip

29617
29620
29621
29624
29625
29626
29627
29628
29630
29631
29634
29635
29638
29639
29640
29642
29643
29644
29645
29646
29649
29650
29651
29653
29654
29655
29657
29658
29661
29662
29664
29665
29666
29667
29669
29670
29671
29672
29673
29676
29678
29680
29681

Rep. Cases

Est. Cases

Total Cases

54
24
49
21
26
8
14
4
1
5
0
2
2
1
28
42
0
27
16
29
23
46
89
0
7
14
9
0
4
23
0
1
6
0
22
5
4
6
46
6
15
58
69

332
147
301
129
160
49
86
25
6
31
6
12
12
6
172
258
6
166
98
178
141
283
547
6
43
86
55
6
25
141
6
6
37
6
135
31
25
37
283
37
92
356
424

386
171
350
150
186
57
100
29
7
36
6
14
14
7
200
300
6
193
114
207
164
329
636
6
50
100
64
6
29
164
6
7
43
6
157
36
29
43
329
43
107
414
493

COVID-19 Cases by Zip Code
Zip

29682
29683
29684
29685
29686
29687
29689
29690
29691
29692
29693
29696
29697
29702
29704
29706
29707
29708
29709
29710
29712
29714
29715
29717
29718
29720
29726
29727
29728
29729
29730
29732
29741
29742
29743
29745
29801
29803
29805
29809
29810
29812
29817

Rep. Cases

Est. Cases

Total Cases

3
0
5
0
0
61
2
19
3
7
9
1
12
2
2
20
25
28
10
38
1
7
38
2
7
75
0
0
15
6
59
88
4
1
1
17
22
27
2
1
12
18
12

18
6
31
6
6
375
12
117
18
43
55
6
74
12
12
123
154
172
61
233
6
43
233
12
43
461
6
6
92
37
362
541
25
6
6
104
135
166
12
6
74
111
74

21
6
36
6
6
436
14
136
21
50
64
7
86
14
14
143
179
200
71
271
7
50
271
14
50
536
6
6
107
43
421
629
29
7
7
121
157
193
14
7
86
129
86

COVID-19 Cases by Zip Code
Zip

29819
29821
29824
29827
29828
29829
29831
29832
29835
29836
29838
29840
29841
29842
29843
29845
29847
29848
29849
29851
29853
29856
29860
29902
29904
29906
29907
29909
29910
29911
29912
29915
29916
29918
29920
29921
29922
29923
29924
29926
29927
29928
29929

Rep. Cases

Est. Cases

Total Cases

0
0
7
12
0
7
4
21
7
0
0
0
40
4
0
0
5
0
0
2
9
2
15
91
0
47
24
14
49
2
1
1
0
9
14
0
1
0
10
18
6
12
4

6
6
43
74
6
43
25
129
43
6
6
6
246
25
6
6
31
6
6
12
55
12
92
559
6
289
147
86
301
12
6
6
6
55
86
6
6
6
61
111
37
74
25

6
6
50
86
6
50
29
150
50
6
6
6
286
29
6
6
36
6
6
14
64
14
107
650
6
336
171
100
350
14
7
7
6
64
100
6
7
6
71
129
43
86
29

COVID-19 Cases by Zip Code
Zip

29932
29934
29935
29936
29940
29941
29943
29944
29945

Rep. Cases

Est. Cases

Total Cases

1
1
9
16
2
1
1
5
4

6
6
55
98
12
6
6
31
25

7
7
64
114
14
7
7
36
29

