COVID-19 Confirmed Cases, by Zip Code
Reported Cases
0 Cases
1 - 10 Cases
11 - 24 Cases
25-49 Cases
50-100 Cases
>100 Cases

© OpenStreetMap

COVID-19 Confirmed Cases, by Zip Code
Zip

29001
29003
29006
29009
29010
29014
29015
29016
29018
29020
29030
29031
29032
29033
29036
29037
29038
29039
29040
29042
29044
29045
29047
29048
29051
29052
29053
29054
29055
29056
29058
29059
29061
29063
29065
29067
29069
29070
29072
29073
29074
29075
29078

Rep. Cases

Est. Cases

Total Cases

18
75
73
13
241
16
24
153
25
273
29
2
29
103
165
3
14
23
77
43
37
248
60
25
14
17
183
68
47
16
16
43
99
228
5
47
30
96
435
298
1
25
139

111
461
448
80
1,480
98
147
940
154
1,677
178
12
178
633
1,014
18
86
141
473
264
227
1,523
369
154
86
104
1,124
418
289
98
98
264
608
1,401
31
289
184
590
2,672
1,831
6
154
854

129
536
521
93
1,721
114
171
1,093
179
1,950
207
14
207
736
1,179
21
100
164
550
307
264
1,771
429
179
100
121
1,307
486
336
114
114
307
707
1,629
36
336
214
686
3,107
2,129
7
179
993

COVID-19 Confirmed Cases, by Zip Code
Zip

29080
29081
29082
29101
29102
29104
29105
29107
29108
29111
29112
29113
29114
29115
29118
29122
29123
29125
29126
29127
29128
29129
29130
29133
29135
29137
29138
29142
29145
29146
29148
29150
29152
29153
29154
29160
29161
29162
29163
29164
29166
29168
29169

Rep. Cases

Est. Cases

Total Cases

36
8
8
16
250
12
13
20
162
8
56
2
14
323
113
0
30
33
11
47
100
13
133
9
62
16
197
55
1
6
91
399
4
149
281
55
75
37
24
28
1
28
267

221
49
49
98
1,536
74
80
123
995
49
344
12
86
1,984
694
6
184
203
68
289
614
80
817
55
381
98
1,210
338
6
37
559
2,451
25
915
1,726
338
461
227
147
172
6
172
1,640

257
57
57
114
1,786
86
93
143
1,157
57
400
14
100
2,307
807
6
214
236
79
336
714
93
950
64
443
114
1,407
393
7
43
650
2,850
29
1,064
2,007
393
536
264
171
200
7
200
1,907

COVID-19 Confirmed Cases, by Zip Code
Zip

29170
29172
29175
29178
29180
29201
29203
29204
29205
29206
29207
29208
29209
29210
29212
29223
29229
29301
29302
29303
29306
29307
29316
29321
29322
29323
29325
29330
29332
29333
29334
29335
29340
29341
29346
29349
29351
29353
29355
29356
29360
29365
29369

Rep. Cases

Est. Cases

Total Cases

194
69
1
14
130
350
325
165
231
170
261
8
244
341
145
567
386
195
109
157
91
78
134
10
33
80
222
40
11
2
99
22
47
87
2
209
5
9
9
39
156
72
68

1,192
424
6
86
799
2,150
1,996
1,014
1,419
1,044
1,603
49
1,499
2,095
891
3,483
2,371
1,198
670
964
559
479
823
61
203
491
1,364
246
68
12
608
135
289
534
12
1,284
31
55
55
240
958
442
418

1,386
493
7
100
929
2,500
2,321
1,179
1,650
1,214
1,864
57
1,743
2,436
1,036
4,050
2,757
1,393
779
1,121
650
557
957
71
236
571
1,586
286
79
14
707
157
336
621
14
1,493
36
64
64
279
1,114
514
486

COVID-19 Confirmed Cases, by Zip Code
Zip

29370
29372
29374
29375
29376
29377
29379
29384
29385
29388
29401
29403
29404
29405
29406
29407
29409
29410
29412
29414
29418
29420
29424
29425
29426
29429
29431
29432
29434
29435
29436
29437
29438
29439
29440
29445
29446
29448
29449
29450
29451
29452
29453

Rep. Cases

Est. Cases

Total Cases

4
26
23
2
41
0
72
16
79
67
135
674
12
323
439
349
5
237
390
352
285
220
0
0
12
35
14
16
0
34
15
11
14
19
176
409
5
10
69
18
24
3
4

25
160
141
12
252
6
442
98
485
412
829
4,140
74
1,984
2,697
2,144
31
1,456
2,396
2,162
1,751
1,351
6
6
74
215
86
98
6
209
92
68
86
117
1,081
2,512
31
61
424
111
147
18
25

29
186
164
14
293
6
514
114
564
479
964
4,814
86
2,307
3,136
2,493
36
1,693
2,786
2,514
2,036
1,571
6
6
86
250
100
114
6
243
107
79
100
136
1,257
2,921
36
71
493
129
171
21
29

COVID-19 Confirmed Cases, by Zip Code
Zip

29455
29456
29458
29461
29464
29466
29468
29469
29470
29471
29472
29474
29475
29477
29479
29481
29482
29483
29485
29486
29487
29488
29492
29493
29501
29505
29506
29510
29511
29512
29516
29518
29519
29520
29525
29526
29527
29530
29532
29536
29540
29541
29543

Rep. Cases

Est. Cases

Total Cases

226
258
18
224
515
260
6
5
37
7
33
4
12
24
32
36
19
297
254
146
21
225
94
3
437
217
173
49
43
196
7
14
5
185
24
457
197
30
201
155
45
62
12

1,388
1,585
111
1,376
3,164
1,597
37
31
227
43
203
25
74
147
197
221
117
1,824
1,560
897
129
1,382
577
18
2,684
1,333
1,063
301
264
1,204
43
86
31
1,136
147
2,807
1,210
184
1,235
952
276
381
74

1,614
1,843
129
1,600
3,679
1,857
43
36
264
50
236
29
86
171
229
257
136
2,121
1,814
1,043
150
1,607
671
21
3,121
1,550
1,236
350
307
1,400
50
100
36
1,321
171
3,264
1,407
214
1,436
1,107
321
443
86

COVID-19 Confirmed Cases, by Zip Code
Zip

29544
29545
29546
29547
29550
29554
29555
29556
29560
29563
29564
29565
29566
29567
29568
29569
29570
29571
29572
29574
29575
29576
29577
29579
29580
29581
29582
29583
29584
29585
29588
29590
29591
29592
29593
29594
29596
29601
29605
29607
29609
29611
29615

Rep. Cases

Est. Cases

Total Cases

34
16
15
35
179
113
34
223
143
24
5
73
237
9
235
252
30
95
128
89
178
290
400
524
13
33
246
33
15
152
502
19
50
11
4
0
16
206
506
367
370
710
300

209
98
92
215
1,100
694
209
1,370
878
147
31
448
1,456
55
1,444
1,548
184
584
786
547
1,093
1,781
2,457
3,219
80
203
1,511
203
92
934
3,084
117
307
68
25
6
98
1,265
3,108
2,254
2,273
4,361
1,843

243
114
107
250
1,279
807
243
1,593
1,021
171
36
521
1,693
64
1,679
1,800
214
679
914
636
1,271
2,071
2,857
3,743
93
236
1,757
236
107
1,086
3,586
136
357
79
29
6
114
1,471
3,614
2,621
2,643
5,071
2,143

COVID-19 Confirmed Cases, by Zip Code
Zip

29617
29620
29621
29624
29625
29626
29627
29628
29630
29631
29634
29635
29638
29639
29640
29642
29643
29644
29645
29646
29649
29650
29651
29653
29654
29655
29657
29658
29661
29662
29664
29665
29666
29667
29669
29670
29671
29672
29673
29676
29678
29680
29681

Rep. Cases

Est. Cases

Total Cases

487
54
180
54
83
46
51
10
84
196
15
6
4
3
212
217
5
131
65
298
171
288
365
30
30
22
76
0
44
89
2
0
27
1
78
33
74
33
225
18
108
226
348

2,992
332
1,106
332
510
283
313
61
516
1,204
92
37
25
18
1,302
1,333
31
805
399
1,831
1,050
1,769
2,242
184
184
135
467
6
270
547
12
6
166
6
479
203
455
203
1,382
111
663
1,388
2,138

3,479
386
1,286
386
593
329
364
71
600
1,400
107
43
29
21
1,514
1,550
36
936
464
2,129
1,221
2,057
2,607
214
214
157
543
6
314
636
14
6
193
7
557
236
529
236
1,607
129
771
1,614
2,486

COVID-19 Confirmed Cases, by Zip Code
Zip

29682
29683
29684
29685
29686
29687
29689
29690
29691
29692
29693
29696
29697
29702
29704
29706
29707
29708
29709
29710
29712
29714
29715
29717
29718
29720
29726
29727
29728
29729
29730
29732
29741
29742
29743
29745
29801
29803
29805
29809
29810
29812
29817

Rep. Cases

Est. Cases

Total Cases

18
1
13
5
1
351
11
107
63
23
38
19
76
17
16
86
88
165
43
175
13
27
161
6
23
373
2
10
73
17
295
306
10
6
3
135
75
77
8
4
31
36
35

111
6
80
31
6
2,156
68
657
387
141
233
117
467
104
98
528
541
1,014
264
1,075
80
166
989
37
141
2,291
12
61
448
104
1,812
1,880
61
37
18
829
461
473
49
25
190
221
215

129
7
93
36
7
2,507
79
764
450
164
271
136
543
121
114
614
629
1,179
307
1,250
93
193
1,150
43
164
2,664
14
71
521
121
2,107
2,186
71
43
21
964
536
550
57
29
221
257
250

COVID-19 Confirmed Cases, by Zip Code
Zip

29819
29821
29824
29827
29828
29829
29831
29832
29835
29836
29838
29840
29841
29842
29843
29845
29847
29848
29849
29851
29853
29856
29860
29902
29904
29906
29907
29909
29910
29911
29912
29915
29916
29918
29920
29921
29922
29923
29924
29926
29927
29928
29929

Rep. Cases

Est. Cases

Total Cases

3
1
20
21
0
31
7
30
15
0
1
0
108
20
1
0
16
3
2
11
18
5
42
260
6
135
65
68
350
4
1
1
2
12
51
0
3
4
24
197
79
87
5

18
6
123
129
6
190
43
184
92
6
6
6
663
123
6
6
98
18
12
68
111
31
258
1,597
37
829
399
418
2,150
25
6
6
12
74
313
6
18
25
147
1,210
485
534
31

21
7
143
150
6
221
50
214
107
6
7
6
771
143
7
6
114
21
14
79
129
36
300
1,857
43
964
464
486
2,500
29
7
7
14
86
364
6
21
29
171
1,407
564
621
36

COVID-19 Confirmed Cases, by Zip Code
Zip

29932
29934
29935
29936
29940
29941
29943
29944
29945

Rep. Cases

Est. Cases

Total Cases

1
3
22
58
13
1
2
15
25

6
18
135
356
80
6
12
92
154

7
21
157
414
93
7
14
107
179

