COVID-19 Cases, by Zip Code
Reported Cases
0 Cases
1 - 5 Cases
6 - 15 Cases
16 - 40 Cases
>40 Cases

© OpenStreetMap

COVID-19 Cases by Zip Code
Zip

29001
29003
29006
29009
29010
29014
29015
29016
29018
29020
29030
29031
29032
29033
29036
29037
29038
29039
29040
29042
29044
29045
29047
29048
29051
29052
29053
29054
29055
29056
29058
29059
29061
29063
29065
29067
29069
29070
29072
29073
29074
29075
29078

Rep. Cases

Est. Cases

Total Cases

11
8
24
7
154
2
3
57
1
137
1
1
8
13
56
0
4
5
19
11
15
88
3
10
5
6
42
11
7
3
5
13
39
57
1
12
14
27
96
69
0
3
51

68
49
147
43
946
12
18
350
6
842
6
6
49
80
344
6
25
31
117
68
92
541
18
61
31
37
258
68
43
18
31
80
240
350
6
74
86
166
590
424
6
18
313

79
57
171
50
1,100
14
21
407
7
979
7
7
57
93
400
6
29
36
136
79
107
629
21
71
36
43
300
79
50
21
36
93
279
407
7
86
100
193
686
493
6
21
364

COVID-19 Cases by Zip Code
Zip

29080
29081
29082
29101
29102
29104
29105
29107
29108
29111
29112
29113
29114
29115
29118
29122
29123
29125
29126
29127
29128
29129
29130
29133
29135
29137
29138
29142
29145
29146
29148
29150
29152
29153
29154
29160
29161
29162
29163
29164
29166
29168
29169

Rep. Cases

Est. Cases

Total Cases

19
0
0
8
186
4
2
4
17
4
16
0
11
29
15
0
6
13
1
9
30
7
104
1
7
10
122
8
1
2
70
106
3
47
101
16
35
12
10
7
0
5
83

117
6
6
49
1,143
25
12
25
104
25
98
6
68
178
92
6
37
80
6
55
184
43
639
6
43
61
749
49
6
12
430
651
18
289
620
98
215
74
61
43
6
31
510

136
6
6
57
1,329
29
14
29
121
29
114
6
79
207
107
6
43
93
7
64
214
50
743
7
50
71
871
57
7
14
500
757
21
336
721
114
250
86
71
50
6
36
593

COVID-19 Cases by Zip Code
Zip

29170
29172
29175
29178
29180
29201
29203
29204
29205
29206
29207
29208
29209
29210
29212
29223
29229
29301
29302
29303
29306
29307
29316
29321
29322
29323
29325
29330
29332
29333
29334
29335
29340
29341
29346
29349
29351
29353
29355
29356
29360
29365
29369

Rep. Cases

Est. Cases

Total Cases

33
23
1
4
32
34
145
61
29
33
95
2
82
129
44
255
197
35
18
25
34
16
39
1
11
19
14
4
1
0
26
4
13
8
0
46
0
1
1
7
17
27
16

203
141
6
25
197
209
891
375
178
203
584
12
504
792
270
1,566
1,210
215
111
154
209
98
240
6
68
117
86
25
6
6
160
25
80
49
6
283
6
6
6
43
104
166
98

236
164
7
29
229
243
1,036
436
207
236
679
14
586
921
314
1,821
1,407
250
129
179
243
114
279
7
79
136
100
29
7
6
186
29
93
57
6
329
6
7
7
50
121
193
114

COVID-19 Cases by Zip Code
Zip

29370
29372
29374
29375
29376
29377
29379
29384
29385
29388
29401
29403
29404
29405
29406
29407
29409
29410
29412
29414
29418
29420
29424
29425
29426
29429
29431
29432
29434
29435
29436
29437
29438
29439
29440
29445
29446
29448
29449
29450
29451
29452
29453

Rep. Cases

Est. Cases

Total Cases

2
10
5
1
16
0
28
1
33
19
14
31
2
42
31
44
1
51
45
41
37
30
0
16
1
6
0
1
0
4
2
1
1
2
27
40
2
2
11
3
7
0
1

12
61
31
6
98
6
172
6
203
117
86
190
12
258
190
270
6
313
276
252
227
184
6
98
6
37
6
6
6
25
12
6
6
12
166
246
12
12
68
18
43
6
6

14
71
36
7
114
6
200
7
236
136
100
221
14
300
221
314
7
364
321
293
264
214
6
114
7
43
6
7
6
29
14
7
7
14
193
286
14
14
79
21
50
6
7

COVID-19 Cases by Zip Code
Zip

29455
29456
29458
29461
29464
29466
29468
29469
29470
29471
29472
29474
29475
29477
29479
29481
29482
29483
29485
29486
29487
29488
29492
29493
29501
29505
29506
29510
29511
29512
29516
29518
29519
29520
29525
29526
29527
29530
29532
29536
29540
29541
29543

Rep. Cases

Est. Cases

Total Cases

15
26
3
73
68
46
2
0
4
2
3
0
4
5
12
3
7
40
38
12
5
45
11
0
175
87
96
9
7
69
6
4
0
56
5
35
34
11
112
81
18
35
1

92
160
18
448
418
283
12
6
25
12
18
6
25
31
74
18
43
246
233
74
31
276
68
6
1,075
534
590
55
43
424
37
25
6
344
31
215
209
68
688
498
111
215
6

107
186
21
521
486
329
14
6
29
14
21
6
29
36
86
21
50
286
271
86
36
321
79
6
1,250
621
686
64
50
493
43
29
6
400
36
250
243
79
800
579
129
250
7

COVID-19 Cases by Zip Code
Zip

29544
29545
29546
29547
29550
29554
29555
29556
29560
29563
29564
29565
29566
29567
29568
29569
29570
29571
29572
29574
29575
29576
29577
29579
29580
29581
29582
29583
29584
29585
29588
29590
29591
29592
29593
29594
29596
29601
29605
29607
29609
29611
29615

Rep. Cases

Est. Cases

Total Cases

5
4
4
10
93
32
12
121
52
14
3
26
16
4
25
54
4
34
6
19
16
26
29
24
10
11
9
21
3
14
36
11
29
1
2
0
3
35
99
64
105
121
55

31
25
25
61
571
197
74
743
319
86
18
160
98
25
154
332
25
209
37
117
98
160
178
147
61
68
55
129
18
86
221
68
178
6
12
6
18
215
608
393
645
743
338

36
29
29
71
664
229
86
864
371
100
21
186
114
29
179
386
29
243
43
136
114
186
207
171
71
79
64
150
21
100
257
79
207
7
14
6
21
250
707
457
750
864
393

COVID-19 Cases by Zip Code
Zip

29617
29620
29621
29624
29625
29626
29627
29628
29630
29631
29634
29635
29638
29639
29640
29642
29643
29644
29645
29646
29649
29650
29651
29653
29654
29655
29657
29658
29661
29662
29664
29665
29666
29667
29669
29670
29671
29672
29673
29676
29678
29680
29681

Rep. Cases

Est. Cases

Total Cases

85
25
53
25
29
10
14
4
1
5
0
2
2
1
36
47
0
28
17
32
26
48
97
0
8
14
9
0
6
24
0
0
8
0
24
5
6
7
51
5
15
66
83

522
154
326
154
178
61
86
25
6
31
6
12
12
6
221
289
6
172
104
197
160
295
596
6
49
86
55
6
37
147
6
6
49
6
147
31
37
43
313
31
92
405
510

607
179
379
179
207
71
100
29
7
36
6
14
14
7
257
336
6
200
121
229
186
343
693
6
57
100
64
6
43
171
6
6
57
6
171
36
43
50
364
36
107
471
593

COVID-19 Cases by Zip Code
Zip

29682
29683
29684
29685
29686
29687
29689
29690
29691
29692
29693
29696
29697
29702
29704
29706
29707
29708
29709
29710
29712
29714
29715
29717
29718
29720
29726
29727
29728
29729
29730
29732
29741
29742
29743
29745
29801
29803
29805
29809
29810
29812
29817

Rep. Cases

Est. Cases

Total Cases

3
0
5
0
0
74
2
29
3
7
10
1
12
3
2
19
28
36
12
44
1
7
41
2
7
80
0
0
17
6
67
106
4
1
1
19
25
31
2
1
16
19
13

18
6
31
6
6
455
12
178
18
43
61
6
74
18
12
117
172
221
74
270
6
43
252
12
43
491
6
6
104
37
412
651
25
6
6
117
154
190
12
6
98
117
80

21
6
36
6
6
529
14
207
21
50
71
7
86
21
14
136
200
257
86
314
7
50
293
14
50
571
6
6
121
43
479
757
29
7
7
136
179
221
14
7
114
136
93

COVID-19 Cases by Zip Code
Zip

29819
29821
29824
29827
29828
29829
29831
29832
29835
29836
29838
29840
29841
29842
29843
29845
29847
29848
29849
29851
29853
29856
29860
29902
29904
29906
29907
29909
29910
29911
29912
29915
29916
29918
29920
29921
29922
29923
29924
29926
29927
29928
29929

Rep. Cases

Est. Cases

Total Cases

0
0
9
13
0
11
4
23
7
0
0
0
47
5
0
0
5
0
0
5
9
2
17
92
0
50
24
14
53
2
1
1
0
9
15
0
2
0
10
21
8
13
4

6
6
55
80
6
68
25
141
43
6
6
6
289
31
6
6
31
6
6
31
55
12
104
565
6
307
147
86
326
12
6
6
6
55
92
6
12
6
61
129
49
80
25

6
6
64
93
6
79
29
164
50
6
6
6
336
36
6
6
36
6
6
36
64
14
121
657
6
357
171
100
379
14
7
7
6
64
107
6
14
6
71
150
57
93
29

COVID-19 Cases by Zip Code
Zip

29932
29934
29935
29936
29940
29941
29943
29944
29945

Rep. Cases

Est. Cases

Total Cases

1
1
10
16
2
1
1
5
4

6
6
61
98
12
6
6
31
25

7
7
71
114
14
7
7
36
29

