COVID-19 Cases, by Zip Code
Reported Cases
0 Cases
1 - 5 Cases
6 - 15 Cases
16 - 40 Cases
>40 Cases

© OpenStreetMap

COVID-19 Cases by Zip Code
Zip

29001
29003
29006
29009
29010
29014
29015
29016
29018
29020
29030
29031
29032
29033
29036
29037
29038
29039
29040
29042
29044
29045
29047
29048
29051
29052
29053
29054
29055
29056
29058
29059
29061
29063
29065
29067
29069
29070
29072
29073
29074
29075
29078

Rep. Cases

Est. Cases

Total Cases

13
15
35
11
202
12
15
92
5
166
9
2
17
39
87
2
5
13
38
23
19
166
25
16
11
7
91
24
41
9
9
16
55
105
3
20
21
43
199
146
0
8
72

80
92
215
68
1,241
74
92
565
31
1,020
55
12
104
240
534
12
31
80
233
141
117
1,020
154
98
68
43
559
147
252
55
55
98
338
645
18
123
129
264
1,222
897
6
49
442

93
107
250
79
1,443
86
107
657
36
1,186
64
14
121
279
621
14
36
93
271
164
136
1,186
179
114
79
50
650
171
293
64
64
114
393
750
21
143
150
307
1,421
1,043
6
57
514

COVID-19 Cases by Zip Code
Zip

29080
29081
29082
29101
29102
29104
29105
29107
29108
29111
29112
29113
29114
29115
29118
29122
29123
29125
29126
29127
29128
29129
29130
29133
29135
29137
29138
29142
29145
29146
29148
29150
29152
29153
29154
29160
29161
29162
29163
29164
29166
29168
29169

Rep. Cases

Est. Cases

Total Cases

23
0
4
12
211
8
3
7
53
4
29
1
13
122
41
0
16
17
2
19
52
10
123
2
18
12
144
20
1
3
75
202
3
82
155
29
47
16
16
16
0
18
161

141
6
25
74
1,296
49
18
43
326
25
178
6
80
749
252
6
98
104
12
117
319
61
756
12
111
74
885
123
6
18
461
1,241
18
504
952
178
289
98
98
98
6
111
989

164
6
29
86
1,507
57
21
50
379
29
207
7
93
871
293
6
114
121
14
136
371
71
879
14
129
86
1,029
143
7
21
536
1,443
21
586
1,107
207
336
114
114
114
6
129
1,150

COVID-19 Cases by Zip Code
Zip

29170
29172
29175
29178
29180
29201
29203
29204
29205
29206
29207
29208
29209
29210
29212
29223
29229
29301
29302
29303
29306
29307
29316
29321
29322
29323
29325
29330
29332
29333
29334
29335
29340
29341
29346
29349
29351
29353
29355
29356
29360
29365
29369

Rep. Cases

Est. Cases

Total Cases

100
39
1
6
74
205
189
95
112
80
165
1
131
169
82
369
248
97
49
102
49
39
68
1
17
34
48
18
2
0
53
7
29
48
0
138
1
3
5
19
35
39
31

614
240
6
37
455
1,259
1,161
584
688
491
1,014
6
805
1,038
504
2,267
1,523
596
301
627
301
240
418
6
104
209
295
111
12
6
326
43
178
295
6
848
6
18
31
117
215
240
190

714
279
7
43
529
1,464
1,350
679
800
571
1,179
7
936
1,207
586
2,636
1,771
693
350
729
350
279
486
7
121
243
343
129
14
6
379
50
207
343
6
986
7
21
36
136
250
279
221

COVID-19 Cases by Zip Code
Zip

29370
29372
29374
29375
29376
29377
29379
29384
29385
29388
29401
29403
29404
29405
29406
29407
29409
29410
29412
29414
29418
29420
29424
29425
29426
29429
29431
29432
29434
29435
29436
29437
29438
29439
29440
29445
29446
29448
29449
29450
29451
29452
29453

Rep. Cases

Est. Cases

Total Cases

3
13
10
1
26
2
36
3
56
34
35
70
4
60
109
78
1
84
52
82
76
71
0
49
4
10
2
5
0
11
5
1
1
2
57
87
3
3
17
4
8
1
1

18
80
61
6
160
12
221
18
344
209
215
430
25
369
670
479
6
516
319
504
467
436
6
301
25
61
12
31
6
68
31
6
6
12
350
534
18
18
104
25
49
6
6

21
93
71
7
186
14
257
21
400
243
250
500
29
429
779
557
7
600
371
586
543
507
6
350
29
71
14
36
6
79
36
7
7
14
407
621
21
21
121
29
57
7
7

COVID-19 Cases by Zip Code
Zip

29455
29456
29458
29461
29464
29466
29468
29469
29470
29471
29472
29474
29475
29477
29479
29481
29482
29483
29485
29486
29487
29488
29492
29493
29501
29505
29506
29510
29511
29512
29516
29518
29519
29520
29525
29526
29527
29530
29532
29536
29540
29541
29543

Rep. Cases

Est. Cases

Total Cases

34
81
6
86
98
79
2
0
9
5
6
2
7
9
16
18
8
84
73
42
5
134
16
2
261
119
117
14
20
149
6
13
0
158
15
105
79
16
170
115
32
44
3

209
498
37
528
602
485
12
6
55
31
37
12
43
55
98
111
49
516
448
258
31
823
98
12
1,603
731
719
86
123
915
37
80
6
971
92
645
485
98
1,044
706
197
270
18

243
579
43
614
700
564
14
6
64
36
43
14
50
64
114
129
57
600
521
300
36
957
114
14
1,864
850
836
100
143
1,064
43
93
6
1,129
107
750
564
114
1,214
821
229
314
21

COVID-19 Cases by Zip Code
Zip

29544
29545
29546
29547
29550
29554
29555
29556
29560
29563
29564
29565
29566
29567
29568
29569
29570
29571
29572
29574
29575
29576
29577
29579
29580
29581
29582
29583
29584
29585
29588
29590
29591
29592
29593
29594
29596
29601
29605
29607
29609
29611
29615

Rep. Cases

Est. Cases

Total Cases

9
11
9
19
113
48
18
181
84
16
4
38
54
5
117
153
19
45
28
34
33
50
94
125
11
22
48
25
13
45
85
13
41
7
3
0
12
95
288
150
206
439
125

55
68
55
117
694
295
111
1,112
516
98
25
233
332
31
719
940
117
276
172
209
203
307
577
768
68
135
295
154
80
276
522
80
252
43
18
6
74
584
1,769
921
1,265
2,697
768

64
79
64
136
807
343
129
1,293
600
114
29
271
386
36
836
1,093
136
321
200
243
236
357
671
893
79
157
343
179
93
321
607
93
293
50
21
6
86
679
2,057
1,071
1,471
3,136
893

COVID-19 Cases by Zip Code
Zip

29617
29620
29621
29624
29625
29626
29627
29628
29630
29631
29634
29635
29638
29639
29640
29642
29643
29644
29645
29646
29649
29650
29651
29653
29654
29655
29657
29658
29661
29662
29664
29665
29666
29667
29669
29670
29671
29672
29673
29676
29678
29680
29681

Rep. Cases

Est. Cases

Total Cases

264
43
75
33
39
17
22
6
7
8
0
4
2
2
83
111
1
61
27
144
86
123
204
12
13
17
28
0
22
45
0
0
18
0
45
11
35
8
120
7
22
101
139

1,622
264
461
203
240
104
135
37
43
49
6
25
12
12
510
682
6
375
166
885
528
756
1,253
74
80
104
172
6
135
276
6
6
111
6
276
68
215
49
737
43
135
620
854

1,886
307
536
236
279
121
157
43
50
57
6
29
14
14
593
793
7
436
193
1,029
614
879
1,457
86
93
121
200
6
157
321
6
6
129
6
321
79
250
57
857
50
157
721
993

COVID-19 Cases by Zip Code
Zip

29682
29683
29684
29685
29686
29687
29689
29690
29691
29692
29693
29696
29697
29702
29704
29706
29707
29708
29709
29710
29712
29714
29715
29717
29718
29720
29726
29727
29728
29729
29730
29732
29741
29742
29743
29745
29801
29803
29805
29809
29810
29812
29817

Rep. Cases

Est. Cases

Total Cases

7
1
5
2
0
178
3
53
16
11
15
5
29
9
7
39
49
59
36
85
5
14
78
4
18
176
1
6
35
7
139
164
5
3
2
52
34
41
2
3
16
21
24

43
6
31
12
6
1,093
18
326
98
68
92
31
178
55
43
240
301
362
221
522
31
86
479
25
111
1,081
6
37
215
43
854
1,007
31
18
12
319
209
252
12
18
98
129
147

50
7
36
14
6
1,271
21
379
114
79
107
36
207
64
50
279
350
421
257
607
36
100
557
29
129
1,257
7
43
250
50
993
1,171
36
21
14
371
243
293
14
21
114
150
171

COVID-19 Cases by Zip Code
Zip

29819
29821
29824
29827
29828
29829
29831
29832
29835
29836
29838
29840
29841
29842
29843
29845
29847
29848
29849
29851
29853
29856
29860
29902
29904
29906
29907
29909
29910
29911
29912
29915
29916
29918
29920
29921
29922
29923
29924
29926
29927
29928
29929

Rep. Cases

Est. Cases

Total Cases

2
0
11
17
0
21
5
26
10
0
1
0
56
6
0
0
9
2
2
8
9
2
22
51
1
65
33
29
146
2
1
1
2
8
27
0
3
1
13
83
25
29
4

12
6
68
104
6
129
31
160
61
6
6
6
344
37
6
6
55
12
12
49
55
12
135
313
6
399
203
178
897
12
6
6
12
49
166
6
18
6
80
510
154
178
25

14
6
79
121
6
150
36
186
71
6
7
6
400
43
6
6
64
14
14
57
64
14
157
364
7
464
236
207
1,043
14
7
7
14
57
193
6
21
7
93
593
179
207
29

COVID-19 Cases by Zip Code
Zip

29932
29934
29935
29936
29940
29941
29943
29944
29945

Rep. Cases

Est. Cases

Total Cases

1
2
11
24
3
1
1
10
18

6
12
68
147
18
6
6
61
111

7
14
79
171
21
7
7
71
129

