COVID-19 Confirmed Cases, by Zip Code
Reported Cases
0 Cases
1 - 10 Cases
11 - 24 Cases
25-49 Cases
50-100 Cases
>100 Cases

© OpenStreetMap

COVID-19 Confirmed Cases, by Zip Code
Zip

29001
29003
29006
29009
29010
29014
29015
29016
29018
29020
29030
29031
29032
29033
29036
29037
29038
29039
29040
29042
29044
29045
29047
29048
29051
29052
29053
29054
29055
29056
29058
29059
29061
29063
29065
29067
29069
29070
29072
29073
29074
29075
29078

Rep. Cases

Est. Cases

Total Cases

19
87
87
17
265
16
25
164
29
312
34
2
33
120
190
5
16
31
83
47
43
273
66
29
14
19
202
83
48
18
17
52
113
259
6
52
34
122
476
337
1
28
160

117
534
534
104
1,628
98
154
1,007
178
1,917
209
12
203
737
1,167
31
98
190
510
289
264
1,677
405
178
86
117
1,241
510
295
111
104
319
694
1,591
37
319
209
749
2,924
2,070
6
172
983

136
621
621
121
1,893
114
179
1,171
207
2,229
243
14
236
857
1,357
36
114
221
593
336
307
1,950
471
207
100
136
1,443
593
343
129
121
371
807
1,850
43
371
243
871
3,400
2,407
7
200
1,143

COVID-19 Confirmed Cases, by Zip Code
Zip

29080
29081
29082
29101
29102
29104
29105
29107
29108
29111
29112
29113
29114
29115
29118
29122
29123
29125
29126
29127
29128
29129
29130
29133
29135
29137
29138
29142
29145
29146
29148
29150
29152
29153
29154
29160
29161
29162
29163
29164
29166
29168
29169

Rep. Cases

Est. Cases

Total Cases

40
11
8
18
273
13
14
22
195
8
68
4
16
376
135
0
41
37
13
63
108
14
136
11
70
18
216
66
2
6
92
460
4
179
301
60
92
40
25
30
1
30
289

246
68
49
111
1,677
80
86
135
1,198
49
418
25
98
2,310
829
6
252
227
80
387
663
86
835
68
430
111
1,327
405
12
37
565
2,826
25
1,100
1,849
369
565
246
154
184
6
184
1,775

286
79
57
129
1,950
93
100
157
1,393
57
486
29
114
2,686
964
6
293
264
93
450
771
100
971
79
500
129
1,543
471
14
43
657
3,286
29
1,279
2,150
429
657
286
179
214
7
214
2,064

COVID-19 Confirmed Cases, by Zip Code
Zip

29170
29172
29175
29178
29180
29201
29203
29204
29205
29206
29207
29208
29209
29210
29212
29223
29229
29301
29302
29303
29306
29307
29316
29321
29322
29323
29325
29330
29332
29333
29334
29335
29340
29341
29346
29349
29351
29353
29355
29356
29360
29365
29369

Rep. Cases

Est. Cases

Total Cases

206
73
1
21
141
363
377
178
252
184
333
8
285
396
168
621
427
214
118
171
104
94
162
13
38
90
260
41
15
3
112
29
62
98
2
230
8
12
9
42
188
89
76

1,265
448
6
129
866
2,230
2,316
1,093
1,548
1,130
2,046
49
1,751
2,433
1,032
3,815
2,623
1,315
725
1,050
639
577
995
80
233
553
1,597
252
92
18
688
178
381
602
12
1,413
49
74
55
258
1,155
547
467

1,471
521
7
150
1,007
2,593
2,693
1,271
1,800
1,314
2,379
57
2,036
2,829
1,200
4,436
3,050
1,529
843
1,221
743
671
1,157
93
271
643
1,857
293
107
21
800
207
443
700
14
1,643
57
86
64
300
1,343
636
543

COVID-19 Confirmed Cases, by Zip Code
Zip

29370
29372
29374
29375
29376
29377
29379
29384
29385
29388
29401
29403
29404
29405
29406
29407
29409
29410
29412
29414
29418
29420
29424
29425
29426
29429
29431
29432
29434
29435
29436
29437
29438
29439
29440
29445
29446
29448
29449
29450
29451
29452
29453

Rep. Cases

Est. Cases

Total Cases

7
31
25
2
48
0
91
17
85
87
155
846
16
465
565
462
6
278
520
465
405
295
0
0
16
42
19
18
0
40
18
21
23
22
224
564
7
10
107
26
27
3
6

43
190
154
12
295
6
559
104
522
534
952
5,197
98
2,856
3,471
2,838
37
1,708
3,194
2,856
2,488
1,812
6
6
98
258
117
111
6
246
111
129
141
135
1,376
3,465
43
61
657
160
166
18
37

50
221
179
14
343
6
650
121
607
621
1,107
6,043
114
3,321
4,036
3,300
43
1,986
3,714
3,321
2,893
2,107
6
6
114
300
136
129
6
286
129
150
164
157
1,600
4,029
50
71
764
186
193
21
43

COVID-19 Confirmed Cases, by Zip Code
Zip

29455
29456
29458
29461
29464
29466
29468
29469
29470
29471
29472
29474
29475
29477
29479
29481
29482
29483
29485
29486
29487
29488
29492
29493
29501
29505
29506
29510
29511
29512
29516
29518
29519
29520
29525
29526
29527
29530
29532
29536
29540
29541
29543

Rep. Cases

Est. Cases

Total Cases

293
342
19
299
697
322
9
7
53
13
51
6
15
39
45
43
22
404
350
213
37
261
124
3
500
241
188
61
50
201
7
15
8
199
26
610
244
31
215
170
45
80
14

1,800
2,101
117
1,837
4,282
1,978
55
43
326
80
313
37
92
240
276
264
135
2,482
2,150
1,308
227
1,603
762
18
3,071
1,480
1,155
375
307
1,235
43
92
49
1,222
160
3,747
1,499
190
1,321
1,044
276
491
86

2,093
2,443
136
2,136
4,979
2,300
64
50
379
93
364
43
107
279
321
307
157
2,886
2,500
1,521
264
1,864
886
21
3,571
1,721
1,343
436
357
1,436
50
107
57
1,421
186
4,357
1,743
221
1,536
1,214
321
571
100

COVID-19 Confirmed Cases, by Zip Code
Zip

29544
29545
29546
29547
29550
29554
29555
29556
29560
29563
29564
29565
29566
29567
29568
29569
29570
29571
29572
29574
29575
29576
29577
29579
29580
29581
29582
29583
29584
29585
29588
29590
29591
29592
29593
29594
29596
29601
29605
29607
29609
29611
29615

Rep. Cases

Est. Cases

Total Cases

40
19
22
40
206
129
35
235
153
28
4
81
284
10
266
293
31
128
157
110
230
392
580
690
14
37
289
35
18
186
726
20
56
11
4
0
20
232
574
424
406
770
352

246
117
135
246
1,265
792
215
1,444
940
172
25
498
1,745
61
1,634
1,800
190
786
964
676
1,413
2,408
3,563
4,239
86
227
1,775
215
111
1,143
4,460
123
344
68
25
6
123
1,425
3,526
2,605
2,494
4,730
2,162

286
136
157
286
1,471
921
250
1,679
1,093
200
29
579
2,029
71
1,900
2,093
221
914
1,121
786
1,643
2,800
4,143
4,929
100
264
2,064
250
129
1,329
5,186
143
400
79
29
6
143
1,657
4,100
3,029
2,900
5,500
2,514

COVID-19 Confirmed Cases, by Zip Code
Zip

29617
29620
29621
29624
29625
29626
29627
29628
29630
29631
29634
29635
29638
29639
29640
29642
29643
29644
29645
29646
29649
29650
29651
29653
29654
29655
29657
29658
29661
29662
29664
29665
29666
29667
29669
29670
29671
29672
29673
29676
29678
29680
29681

Rep. Cases

Est. Cases

Total Cases

532
60
217
74
110
58
62
12
101
212
17
6
5
3
237
253
7
155
76
344
194
324
412
30
34
23
84
0
49
113
3
1
29
2
85
47
78
41
273
19
128
273
409

3,268
369
1,333
455
676
356
381
74
620
1,302
104
37
31
18
1,456
1,554
43
952
467
2,113
1,192
1,990
2,531
184
209
141
516
6
301
694
18
6
178
12
522
289
479
252
1,677
117
786
1,677
2,512

3,800
429
1,550
529
786
414
443
86
721
1,514
121
43
36
21
1,693
1,807
50
1,107
543
2,457
1,386
2,314
2,943
214
243
164
600
6
350
807
21
7
207
14
607
336
557
293
1,950
136
914
1,950
2,921

COVID-19 Confirmed Cases, by Zip Code
Zip

29682
29683
29684
29685
29686
29687
29689
29690
29691
29692
29693
29696
29697
29702
29704
29706
29707
29708
29709
29710
29712
29714
29715
29717
29718
29720
29726
29727
29728
29729
29730
29732
29741
29742
29743
29745
29801
29803
29805
29809
29810
29812
29817

Rep. Cases

Est. Cases

Total Cases

18
1
16
6
1
392
14
121
75
27
48
24
86
23
20
107
105
188
46
203
14
32
204
9
24
418
2
11
79
23
359
352
10
8
4
184
88
100
13
5
33
44
39

111
6
98
37
6
2,408
86
743
461
166
295
147
528
141
123
657
645
1,155
283
1,247
86
197
1,253
55
147
2,568
12
68
485
141
2,205
2,162
61
49
25
1,130
541
614
80
31
203
270
240

129
7
114
43
7
2,800
100
864
536
193
343
171
614
164
143
764
750
1,343
329
1,450
100
229
1,457
64
171
2,986
14
79
564
164
2,564
2,514
71
57
29
1,314
629
714
93
36
236
314
279

COVID-19 Confirmed Cases, by Zip Code
Zip

29819
29821
29824
29827
29828
29829
29831
29832
29835
29836
29838
29840
29841
29842
29843
29845
29847
29848
29849
29851
29853
29856
29860
29902
29904
29906
29907
29909
29910
29911
29912
29915
29916
29918
29920
29921
29922
29923
29924
29926
29927
29928
29929

Rep. Cases

Est. Cases

Total Cases

7
1
23
26
0
34
7
32
22
0
1
2
135
23
3
0
20
4
2
18
21
7
54
301
6
152
74
85
446
4
1
1
2
14
59
0
3
6
28
251
115
121
5

43
6
141
160
6
209
43
197
135
6
6
12
829
141
18
6
123
25
12
111
129
43
332
1,849
37
934
455
522
2,740
25
6
6
12
86
362
6
18
37
172
1,542
706
743
31

50
7
164
186
6
243
50
229
157
6
7
14
964
164
21
6
143
29
14
129
150
50
386
2,150
43
1,086
529
607
3,186
29
7
7
14
100
421
6
21
43
200
1,793
821
864
36

COVID-19 Confirmed Cases, by Zip Code
Zip

29932
29934
29935
29936
29940
29941
29943
29944
29945

Rep. Cases

Est. Cases

Total Cases

1
5
25
84
19
1
3
18
29

6
31
154
516
117
6
18
111
178

7
36
179
600
136
7
21
129
207

