COVID-19 Confirmed Cases, by Zip Code
Reported Cases
0 Cases
1 - 10 Cases
11 - 24 Cases
25-49 Cases
50-100 Cases
>100 Cases

© OpenStreetMap

COVID-19 Confirmed Cases, by Zip Code
Zip

29001
29003
29006
29009
29010
29014
29015
29016
29018
29020
29030
29031
29032
29033
29036
29037
29038
29039
29040
29042
29044
29045
29047
29048
29051
29052
29053
29054
29055
29056
29058
29059
29061
29063
29065
29067
29069
29070
29072
29073
29074
29075
29078

Rep. Cases

Est. Cases

Total Cases

18
39
48
12
217
16
21
128
18
230
23
2
23
76
119
2
11
17
61
32
26
216
57
18
12
11
127
40
46
12
14
28
70
160
3
35
24
60
339
226
0
17
113

111
240
295
74
1,333
98
129
786
111
1,413
141
12
141
467
731
12
68
104
375
197
160
1,327
350
111
74
68
780
246
283
74
86
172
430
983
18
215
147
369
2,082
1,388
6
104
694

129
279
343
86
1,550
114
150
914
129
1,643
164
14
164
543
850
14
79
121
436
229
186
1,543
407
129
86
79
907
286
329
86
100
200
500
1,143
21
250
171
429
2,421
1,614
6
121
807

COVID-19 Confirmed Cases, by Zip Code
Zip

29080
29081
29082
29101
29102
29104
29105
29107
29108
29111
29112
29113
29114
29115
29118
29122
29123
29125
29126
29127
29128
29129
29130
29133
29135
29137
29138
29142
29145
29146
29148
29150
29152
29153
29154
29160
29161
29162
29163
29164
29166
29168
29169

Rep. Cases

Est. Cases

Total Cases

33
5
6
14
233
10
5
15
105
7
41
2
14
229
79
0
21
26
10
29
83
11
127
6
49
16
175
36
1
4
86
319
3
128
236
41
63
26
22
19
0
20
226

203
31
37
86
1,431
61
31
92
645
43
252
12
86
1,407
485
6
129
160
61
178
510
68
780
37
301
98
1,075
221
6
25
528
1,960
18
786
1,450
252
387
160
135
117
6
123
1,388

236
36
43
100
1,664
71
36
107
750
50
293
14
100
1,636
564
6
150
186
71
207
593
79
907
43
350
114
1,250
257
7
29
614
2,279
21
914
1,686
293
450
186
157
136
6
143
1,614

COVID-19 Confirmed Cases, by Zip Code
Zip

29170
29172
29175
29178
29180
29201
29203
29204
29205
29206
29207
29208
29209
29210
29212
29223
29229
29301
29302
29303
29306
29307
29316
29321
29322
29323
29325
29330
29332
29333
29334
29335
29340
29341
29346
29349
29351
29353
29355
29356
29360
29365
29369

Rep. Cases

Est. Cases

Total Cases

156
53
1
8
106
291
253
136
178
126
213
5
190
243
118
475
327
153
76
133
62
60
101
4
24
56
136
30
5
1
81
11
38
68
1
173
5
8
8
28
91
54
48

958
326
6
49
651
1,788
1,554
835
1,093
774
1,308
31
1,167
1,493
725
2,918
2,009
940
467
817
381
369
620
25
147
344
835
184
31
6
498
68
233
418
6
1,063
31
49
49
172
559
332
295

1,114
379
7
57
757
2,079
1,807
971
1,271
900
1,521
36
1,357
1,736
843
3,393
2,336
1,093
543
950
443
429
721
29
171
400
971
214
36
7
579
79
271
486
7
1,236
36
57
57
200
650
386
343

COVID-19 Confirmed Cases, by Zip Code
Zip

29370
29372
29374
29375
29376
29377
29379
29384
29385
29388
29401
29403
29404
29405
29406
29407
29409
29410
29412
29414
29418
29420
29424
29425
29426
29429
29431
29432
29434
29435
29436
29437
29438
29439
29440
29445
29446
29448
29449
29450
29451
29452
29453

Rep. Cases

Est. Cases

Total Cases

4
20
17
1
31
0
54
9
73
53
92
409
8
158
256
196
1
159
210
163
169
136
0
0
7
28
4
13
0
19
8
5
5
10
128
249
3
5
42
8
20
3
3

25
123
104
6
190
6
332
55
448
326
565
2,512
49
971
1,573
1,204
6
977
1,290
1,001
1,038
835
6
6
43
172
25
80
6
117
49
31
31
61
786
1,530
18
31
258
49
123
18
18

29
143
121
7
221
6
386
64
521
379
657
2,921
57
1,129
1,829
1,400
7
1,136
1,500
1,164
1,207
971
6
6
50
200
29
93
6
136
57
36
36
71
914
1,779
21
36
300
57
143
21
21

COVID-19 Confirmed Cases, by Zip Code
Zip

29455
29456
29458
29461
29464
29466
29468
29469
29470
29471
29472
29474
29475
29477
29479
29481
29482
29483
29485
29486
29487
29488
29492
29493
29501
29505
29506
29510
29511
29512
29516
29518
29519
29520
29525
29526
29527
29530
29532
29536
29540
29541
29543

Rep. Cases

Est. Cases

Total Cases

124
141
15
148
303
171
3
4
20
5
12
2
12
16
25
26
15
173
146
92
9
188
60
2
357
168
150
36
30
182
7
13
5
170
23
313
146
23
185
130
39
55
9

762
866
92
909
1,861
1,050
18
25
123
31
74
12
74
98
154
160
92
1,063
897
565
55
1,155
369
12
2,193
1,032
921
221
184
1,118
43
80
31
1,044
141
1,923
897
141
1,136
799
240
338
55

886
1,007
107
1,057
2,164
1,221
21
29
143
36
86
14
86
114
179
186
107
1,236
1,043
657
64
1,343
429
14
2,550
1,200
1,071
257
214
1,300
50
93
36
1,214
164
2,236
1,043
164
1,321
929
279
393
64

COVID-19 Confirmed Cases, by Zip Code
Zip

29544
29545
29546
29547
29550
29554
29555
29556
29560
29563
29564
29565
29566
29567
29568
29569
29570
29571
29572
29574
29575
29576
29577
29579
29580
29581
29582
29583
29584
29585
29588
29590
29591
29592
29593
29594
29596
29601
29605
29607
29609
29611
29615

Rep. Cases

Est. Cases

Total Cases

25
14
12
26
144
95
24
200
108
19
5
52
164
7
192
210
26
79
90
68
102
156
265
363
11
26
147
31
14
108
278
18
46
8
3
0
16
144
409
237
303
606
222

154
86
74
160
885
584
147
1,229
663
117
31
319
1,007
43
1,179
1,290
160
485
553
418
627
958
1,628
2,230
68
160
903
190
86
663
1,708
111
283
49
18
6
98
885
2,512
1,456
1,861
3,723
1,364

179
100
86
186
1,029
679
171
1,429
771
136
36
371
1,171
50
1,371
1,500
186
564
643
486
729
1,114
1,893
2,593
79
186
1,050
221
100
771
1,986
129
329
57
21
6
114
1,029
2,921
1,693
2,164
4,329
1,586

COVID-19 Confirmed Cases, by Zip Code
Zip

29617
29620
29621
29624
29625
29626
29627
29628
29630
29631
29634
29635
29638
29639
29640
29642
29643
29644
29645
29646
29649
29650
29651
29653
29654
29655
29657
29658
29661
29662
29664
29665
29666
29667
29669
29670
29671
29672
29673
29676
29678
29680
29681

Rep. Cases

Est. Cases

Total Cases

396
53
121
47
68
33
43
8
50
144
15
5
2
2
171
160
2
95
42
224
138
227
294
20
23
18
45
0
35
68
0
0
22
0
57
21
58
17
172
9
72
154
258

2,433
326
743
289
418
203
264
49
307
885
92
31
12
12
1,050
983
12
584
258
1,376
848
1,394
1,806
123
141
111
276
6
215
418
6
6
135
6
350
129
356
104
1,057
55
442
946
1,585

2,829
379
864
336
486
236
307
57
357
1,029
107
36
14
14
1,221
1,143
14
679
300
1,600
986
1,621
2,100
143
164
129
321
6
250
486
6
6
157
6
407
150
414
121
1,229
64
514
1,100
1,843

COVID-19 Confirmed Cases, by Zip Code
Zip

29682
29683
29684
29685
29686
29687
29689
29690
29691
29692
29693
29696
29697
29702
29704
29706
29707
29708
29709
29710
29712
29714
29715
29717
29718
29720
29726
29727
29728
29729
29730
29732
29741
29742
29743
29745
29801
29803
29805
29809
29810
29812
29817

Rep. Cases

Est. Cases

Total Cases

11
1
7
3
1
283
6
78
37
16
25
8
56
12
11
59
68
103
43
122
10
20
115
5
20
278
1
7
61
12
230
233
7
4
3
96
51
55
5
4
22
25
32

68
6
43
18
6
1,738
37
479
227
98
154
49
344
74
68
362
418
633
264
749
61
123
706
31
123
1,708
6
43
375
74
1,413
1,431
43
25
18
590
313
338
31
25
135
154
197

79
7
50
21
7
2,021
43
557
264
114
179
57
400
86
79
421
486
736
307
871
71
143
821
36
143
1,986
7
50
436
86
1,643
1,664
50
29
21
686
364
393
36
29
157
179
229

COVID-19 Confirmed Cases, by Zip Code
Zip

29819
29821
29824
29827
29828
29829
29831
29832
29835
29836
29838
29840
29841
29842
29843
29845
29847
29848
29849
29851
29853
29856
29860
29902
29904
29906
29907
29909
29910
29911
29912
29915
29916
29918
29920
29921
29922
29923
29924
29926
29927
29928
29929

Rep. Cases

Est. Cases

Total Cases

2
0
16
19
0
27
5
28
10
0
1
0
78
13
0
0
12
3
2
10
12
4
30
201
2
105
47
52
254
3
1
1
3
10
42
0
3
1
21
138
53
62
5

12
6
98
117
6
166
31
172
61
6
6
6
479
80
6
6
74
18
12
61
74
25
184
1,235
12
645
289
319
1,560
18
6
6
18
61
258
6
18
6
129
848
326
381
31

14
6
114
136
6
193
36
200
71
6
7
6
557
93
6
6
86
21
14
71
86
29
214
1,436
14
750
336
371
1,814
21
7
7
21
71
300
6
21
7
150
986
379
443
36

COVID-19 Confirmed Cases, by Zip Code
Zip

29932
29934
29935
29936
29940
29941
29943
29944
29945

Rep. Cases

Est. Cases

Total Cases

1
3
17
36
6
1
1
10
24

6
18
104
221
37
6
6
61
147

7
21
121
257
43
7
7
71
171

