COVID-19 Cases, by Zip Code
Reported Cases
0 Cases
1 - 5 Cases
6 - 15 Cases
16 - 40 Cases
>40 Cases

© OpenStreetMap

COVID-19 Cases by Zip Code
Zip

29001
29003
29006
29009
29010
29014
29015
29016
29018
29020
29030
29031
29032
29033
29036
29037
29038
29039
29040
29042
29044
29045
29047
29048
29051
29052
29053
29054
29055
29056
29058
29059
29061
29063
29065
29067
29069
29070
29072
29073
29074
29075
29078

Rep. Cases

Est. Cases

Total Cases

11
9
24
9
171
3
4
61
1
141
1
1
8
14
57
0
4
5
19
11
15
98
3
10
8
7
48
11
16
4
5
13
41
60
1
12
14
27
100
72
0
3
54

68
55
147
55
1,050
18
25
375
6
866
6
6
49
86
350
6
25
31
117
68
92
602
18
61
49
43
295
68
98
25
31
80
252
369
6
74
86
166
614
442
6
18
332

79
64
171
64
1,221
21
29
436
7
1,007
7
7
57
100
407
6
29
36
136
79
107
700
21
71
57
50
343
79
114
29
36
93
293
429
7
86
100
193
714
514
6
21
386

COVID-19 Cases by Zip Code
Zip

29080
29081
29082
29101
29102
29104
29105
29107
29108
29111
29112
29113
29114
29115
29118
29122
29123
29125
29126
29127
29128
29129
29130
29133
29135
29137
29138
29142
29145
29146
29148
29150
29152
29153
29154
29160
29161
29162
29163
29164
29166
29168
29169

Rep. Cases

Est. Cases

Total Cases

22
0
0
11
188
5
2
4
27
4
16
0
12
43
22
0
7
13
1
9
31
7
115
1
7
10
126
9
1
2
71
115
3
50
104
19
37
12
10
10
0
5
86

135
6
6
68
1,155
31
12
25
166
25
98
6
74
264
135
6
43
80
6
55
190
43
706
6
43
61
774
55
6
12
436
706
18
307
639
117
227
74
61
61
6
31
528

157
6
6
79
1,343
36
14
29
193
29
114
6
86
307
157
6
50
93
7
64
221
50
821
7
50
71
900
64
7
14
507
821
21
357
743
136
264
86
71
71
6
36
614

COVID-19 Cases by Zip Code
Zip

29170
29172
29175
29178
29180
29201
29203
29204
29205
29206
29207
29208
29209
29210
29212
29223
29229
29301
29302
29303
29306
29307
29316
29321
29322
29323
29325
29330
29332
29333
29334
29335
29340
29341
29346
29349
29351
29353
29355
29356
29360
29365
29369

Rep. Cases

Est. Cases

Total Cases

36
24
1
4
35
38
154
63
32
33
104
2
84
134
48
269
201
39
21
31
36
18
40
1
11
19
14
6
1
0
26
5
15
9
0
68
0
1
1
8
17
27
16

221
147
6
25
215
233
946
387
197
203
639
12
516
823
295
1,652
1,235
240
129
190
221
111
246
6
68
117
86
37
6
6
160
31
92
55
6
418
6
6
6
49
104
166
98

257
171
7
29
250
271
1,100
450
229
236
743
14
600
957
343
1,921
1,436
279
150
221
257
129
286
7
79
136
100
43
7
6
186
36
107
64
6
486
6
7
7
57
121
193
114

COVID-19 Cases by Zip Code
Zip

29370
29372
29374
29375
29376
29377
29379
29384
29385
29388
29401
29403
29404
29405
29406
29407
29409
29410
29412
29414
29418
29420
29424
29425
29426
29429
29431
29432
29434
29435
29436
29437
29438
29439
29440
29445
29446
29448
29449
29450
29451
29452
29453

Rep. Cases

Est. Cases

Total Cases

3
10
5
1
16
0
28
1
34
21
17
32
3
42
35
47
1
51
45
42
43
32
0
22
1
6
0
1
0
4
2
1
1
2
41
41
2
3
11
3
7
0
1

18
61
31
6
98
6
172
6
209
129
104
197
18
258
215
289
6
313
276
258
264
197
6
135
6
37
6
6
6
25
12
6
6
12
252
252
12
18
68
18
43
6
6

21
71
36
7
114
6
200
7
243
150
121
229
21
300
250
336
7
364
321
300
307
229
6
157
7
43
6
7
6
29
14
7
7
14
293
293
14
21
79
21
50
6
7

COVID-19 Cases by Zip Code
Zip

29455
29456
29458
29461
29464
29466
29468
29469
29470
29471
29472
29474
29475
29477
29479
29481
29482
29483
29485
29486
29487
29488
29492
29493
29501
29505
29506
29510
29511
29512
29516
29518
29519
29520
29525
29526
29527
29530
29532
29536
29540
29541
29543

Rep. Cases

Est. Cases

Total Cases

17
32
3
74
68
47
2
0
5
3
3
1
5
6
12
4
8
50
43
15
5
53
11
0
194
92
98
9
8
87
6
5
0
73
6
38
39
11
116
88
20
37
1

104
197
18
455
418
289
12
6
31
18
18
6
31
37
74
25
49
307
264
92
31
326
68
6
1,192
565
602
55
49
534
37
31
6
448
37
233
240
68
713
541
123
227
6

121
229
21
529
486
336
14
6
36
21
21
7
36
43
86
29
57
357
307
107
36
379
79
6
1,386
657
700
64
57
621
43
36
6
521
43
271
279
79
829
629
143
264
7

COVID-19 Cases by Zip Code
Zip

29544
29545
29546
29547
29550
29554
29555
29556
29560
29563
29564
29565
29566
29567
29568
29569
29570
29571
29572
29574
29575
29576
29577
29579
29580
29581
29582
29583
29584
29585
29588
29590
29591
29592
29593
29594
29596
29601
29605
29607
29609
29611
29615

Rep. Cases

Est. Cases

Total Cases

5
5
5
11
95
35
12
142
60
15
4
27
16
4
25
72
8
37
7
22
16
26
31
30
10
14
11
21
3
14
38
11
30
1
2
0
5
37
110
72
116
144
66

31
31
31
68
584
215
74
872
369
92
25
166
98
25
154
442
49
227
43
135
98
160
190
184
61
86
68
129
18
86
233
68
184
6
12
6
31
227
676
442
713
885
405

36
36
36
79
679
250
86
1,014
429
107
29
193
114
29
179
514
57
264
50
157
114
186
221
214
71
100
79
150
21
100
271
79
214
7
14
6
36
264
786
514
829
1,029
471

COVID-19 Cases by Zip Code
Zip

29617
29620
29621
29624
29625
29626
29627
29628
29630
29631
29634
29635
29638
29639
29640
29642
29643
29644
29645
29646
29649
29650
29651
29653
29654
29655
29657
29658
29661
29662
29664
29665
29666
29667
29669
29670
29671
29672
29673
29676
29678
29680
29681

Rep. Cases

Est. Cases

Total Cases

101
26
58
25
29
10
14
4
3
5
0
2
2
1
46
52
0
31
17
35
28
53
100
1
8
14
9
0
8
26
0
0
8
0
25
6
9
7
52
6
16
67
87

620
160
356
154
178
61
86
25
18
31
6
12
12
6
283
319
6
190
104
215
172
326
614
6
49
86
55
6
49
160
6
6
49
6
154
37
55
43
319
37
98
412
534

721
186
414
179
207
71
100
29
21
36
6
14
14
7
329
371
6
221
121
250
200
379
714
7
57
100
64
6
57
186
6
6
57
6
179
43
64
50
371
43
114
479
621

COVID-19 Cases by Zip Code
Zip

29682
29683
29684
29685
29686
29687
29689
29690
29691
29692
29693
29696
29697
29702
29704
29706
29707
29708
29709
29710
29712
29714
29715
29717
29718
29720
29726
29727
29728
29729
29730
29732
29741
29742
29743
29745
29801
29803
29805
29809
29810
29812
29817

Rep. Cases

Est. Cases

Total Cases

3
1
5
0
0
88
2
32
3
7
12
3
12
4
4
19
28
38
13
45
2
8
46
2
7
85
0
0
18
6
69
112
5
2
1
21
30
32
2
1
16
20
14

18
6
31
6
6
541
12
197
18
43
74
18
74
25
25
117
172
233
80
276
12
49
283
12
43
522
6
6
111
37
424
688
31
12
6
129
184
197
12
6
98
123
86

21
7
36
6
6
629
14
229
21
50
86
21
86
29
29
136
200
271
93
321
14
57
329
14
50
607
6
6
129
43
493
800
36
14
7
150
214
229
14
7
114
143
100

COVID-19 Cases by Zip Code
Zip

29819
29821
29824
29827
29828
29829
29831
29832
29835
29836
29838
29840
29841
29842
29843
29845
29847
29848
29849
29851
29853
29856
29860
29902
29904
29906
29907
29909
29910
29911
29912
29915
29916
29918
29920
29921
29922
29923
29924
29926
29927
29928
29929

Rep. Cases

Est. Cases

Total Cases

0
0
9
13
0
15
4
26
7
0
1
0
48
5
0
0
5
0
0
6
9
2
18
97
0
54
26
17
70
2
1
1
0
9
16
0
2
1
11
22
15
13
4

6
6
55
80
6
92
25
160
43
6
6
6
295
31
6
6
31
6
6
37
55
12
111
596
6
332
160
104
430
12
6
6
6
55
98
6
12
6
68
135
92
80
25

6
6
64
93
6
107
29
186
50
6
7
6
343
36
6
6
36
6
6
43
64
14
129
693
6
386
186
121
500
14
7
7
6
64
114
6
14
7
79
157
107
93
29

COVID-19 Cases by Zip Code
Zip

29932
29934
29935
29936
29940
29941
29943
29944
29945

Rep. Cases

Est. Cases

Total Cases

1
2
11
19
2
1
1
8
5

6
12
68
117
12
6
6
49
31

7
14
79
136
14
7
7
57
36

