COVID-19 Confirmed Cases, by Zip Code
Reported Cases
0 Cases
1 - 10 Cases
11 - 24 Cases
25-49 Cases
50-100 Cases
>100 Cases

© OpenStreetMap

COVID-19 Confirmed Cases, by Zip Code
Zip

29001
29003
29006
29009
29010
29014
29015
29016
29018
29020
29030
29031
29032
29033
29036
29037
29038
29039
29040
29042
29044
29045
29047
29048
29051
29052
29053
29054
29055
29056
29058
29059
29061
29063
29065
29067
29069
29070
29072
29073
29074
29075
29078

Rep. Cases

Est. Cases

Total Cases

22
92
94
18
270
18
25
176
31
329
35
2
34
135
211
5
20
33
85
49
47
282
71
31
14
21
226
89
52
18
18
56
121
275
7
53
38
135
517
371
1
34
165

135
565
577
111
1,659
111
154
1,081
190
2,021
215
12
209
829
1,296
31
123
203
522
301
289
1,732
436
190
86
129
1,388
547
319
111
111
344
743
1,689
43
326
233
829
3,176
2,279
6
209
1,014

157
657
671
129
1,929
129
179
1,257
221
2,350
250
14
243
964
1,507
36
143
236
607
350
336
2,014
507
221
100
150
1,614
636
371
129
129
400
864
1,964
50
379
271
964
3,693
2,650
7
243
1,179

COVID-19 Confirmed Cases, by Zip Code
Zip

29080
29081
29082
29101
29102
29104
29105
29107
29108
29111
29112
29113
29114
29115
29118
29122
29123
29125
29126
29127
29128
29129
29130
29133
29135
29137
29138
29142
29145
29146
29148
29150
29152
29153
29154
29160
29161
29162
29163
29164
29166
29168
29169

Rep. Cases

Est. Cases

Total Cases

44
12
8
18
278
13
14
26
219
8
74
6
21
414
166
0
51
40
13
74
112
15
142
13
83
20
234
77
2
6
92
488
7
194
308
64
100
42
27
33
1
32
304

270
74
49
111
1,708
80
86
160
1,345
49
455
37
129
2,543
1,020
6
313
246
80
455
688
92
872
80
510
123
1,437
473
12
37
565
2,998
43
1,192
1,892
393
614
258
166
203
6
197
1,867

314
86
57
129
1,986
93
100
186
1,564
57
529
43
150
2,957
1,186
6
364
286
93
529
800
107
1,014
93
593
143
1,671
550
14
43
657
3,486
50
1,386
2,200
457
714
300
193
236
7
229
2,171

COVID-19 Confirmed Cases, by Zip Code
Zip

29170
29172
29175
29178
29180
29201
29203
29204
29205
29206
29207
29208
29209
29210
29212
29223
29229
29301
29302
29303
29306
29307
29316
29321
29322
29323
29325
29330
29332
29333
29334
29335
29340
29341
29346
29349
29351
29353
29355
29356
29360
29365
29369

Rep. Cases

Est. Cases

Total Cases

220
76
1
21
150
375
410
191
268
191
350
8
312
428
186
643
467
235
131
197
111
104
182
14
42
106
278
41
24
7
122
35
69
104
2
249
8
17
9
44
209
100
81

1,351
467
6
129
921
2,304
2,519
1,173
1,646
1,173
2,150
49
1,917
2,629
1,143
3,950
2,869
1,444
805
1,210
682
639
1,118
86
258
651
1,708
252
147
43
749
215
424
639
12
1,530
49
104
55
270
1,284
614
498

1,571
543
7
150
1,071
2,679
2,929
1,364
1,914
1,364
2,500
57
2,229
3,057
1,329
4,593
3,336
1,679
936
1,407
793
743
1,300
100
300
757
1,986
293
171
50
871
250
493
743
14
1,779
57
121
64
314
1,493
714
579

COVID-19 Confirmed Cases, by Zip Code
Zip

29370
29372
29374
29375
29376
29377
29379
29384
29385
29388
29401
29403
29404
29405
29406
29407
29409
29410
29412
29414
29418
29420
29424
29425
29426
29429
29431
29432
29434
29435
29436
29437
29438
29439
29440
29445
29446
29448
29449
29450
29451
29452
29453

Rep. Cases

Est. Cases

Total Cases

8
34
27
2
58
0
102
20
89
104
172
924
16
550
671
525
6
325
596
525
465
349
0
0
18
47
25
21
0
43
21
27
27
28
259
687
7
14
126
33
29
3
8

49
209
166
12
356
6
627
123
547
639
1,057
5,676
98
3,379
4,122
3,225
37
1,996
3,661
3,225
2,856
2,144
6
6
111
289
154
129
6
264
129
166
166
172
1,591
4,220
43
86
774
203
178
18
49

57
243
193
14
414
6
729
143
636
743
1,229
6,600
114
3,929
4,793
3,750
43
2,321
4,257
3,750
3,321
2,493
6
6
129
336
179
150
6
307
150
193
193
200
1,850
4,907
50
100
900
236
207
21
57

COVID-19 Confirmed Cases, by Zip Code
Zip

29455
29456
29458
29461
29464
29466
29468
29469
29470
29471
29472
29474
29475
29477
29479
29481
29482
29483
29485
29486
29487
29488
29492
29493
29501
29505
29506
29510
29511
29512
29516
29518
29519
29520
29525
29526
29527
29530
29532
29536
29540
29541
29543

Rep. Cases

Est. Cases

Total Cases

346
399
22
339
799
355
10
7
61
14
64
10
16
44
50
47
23
476
404
236
43
278
147
3
531
259
196
73
53
207
7
15
10
207
26
668
261
34
223
182
45
86
15

2,125
2,451
135
2,082
4,908
2,181
61
43
375
86
393
61
98
270
307
289
141
2,924
2,482
1,450
264
1,708
903
18
3,262
1,591
1,204
448
326
1,272
43
92
61
1,272
160
4,103
1,603
209
1,370
1,118
276
528
92

2,471
2,850
157
2,421
5,707
2,536
71
50
436
100
457
71
114
314
357
336
164
3,400
2,886
1,686
307
1,986
1,050
21
3,793
1,850
1,400
521
379
1,479
50
107
71
1,479
186
4,771
1,864
243
1,593
1,300
321
614
107

COVID-19 Confirmed Cases, by Zip Code
Zip

29544
29545
29546
29547
29550
29554
29555
29556
29560
29563
29564
29565
29566
29567
29568
29569
29570
29571
29572
29574
29575
29576
29577
29579
29580
29581
29582
29583
29584
29585
29588
29590
29591
29592
29593
29594
29596
29601
29605
29607
29609
29611
29615

Rep. Cases

Est. Cases

Total Cases

43
24
23
41
222
140
37
239
165
31
4
83
309
11
278
313
33
138
181
117
261
441
647
792
16
41
311
37
17
206
812
20
59
11
5
0
21
251
614
476
435
814
387

264
147
141
252
1,364
860
227
1,468
1,014
190
25
510
1,898
68
1,708
1,923
203
848
1,112
719
1,603
2,709
3,974
4,865
98
252
1,910
227
104
1,265
4,988
123
362
68
31
6
129
1,542
3,772
2,924
2,672
5,000
2,377

307
171
164
293
1,586
1,000
264
1,707
1,179
221
29
593
2,207
79
1,986
2,236
236
986
1,293
836
1,864
3,150
4,621
5,657
114
293
2,221
264
121
1,471
5,800
143
421
79
36
6
150
1,793
4,386
3,400
3,107
5,814
2,764

COVID-19 Confirmed Cases, by Zip Code
Zip

29617
29620
29621
29624
29625
29626
29627
29628
29630
29631
29634
29635
29638
29639
29640
29642
29643
29644
29645
29646
29649
29650
29651
29653
29654
29655
29657
29658
29661
29662
29664
29665
29666
29667
29669
29670
29671
29672
29673
29676
29678
29680
29681

Rep. Cases

Est. Cases

Total Cases

567
61
256
85
124
61
72
12
111
220
20
10
6
3
264
294
12
165
87
397
219
350
477
35
39
25
94
0
51
135
3
1
40
2
95
50
85
52
308
22
147
300
454

3,483
375
1,573
522
762
375
442
74
682
1,351
123
61
37
18
1,622
1,806
74
1,014
534
2,439
1,345
2,150
2,930
215
240
154
577
6
313
829
18
6
246
12
584
307
522
319
1,892
135
903
1,843
2,789

4,050
436
1,829
607
886
436
514
86
793
1,571
143
71
43
21
1,886
2,100
86
1,179
621
2,836
1,564
2,500
3,407
250
279
179
671
6
364
964
21
7
286
14
679
357
607
371
2,200
157
1,050
2,143
3,243

COVID-19 Confirmed Cases, by Zip Code
Zip

29682
29683
29684
29685
29686
29687
29689
29690
29691
29692
29693
29696
29697
29702
29704
29706
29707
29708
29709
29710
29712
29714
29715
29717
29718
29720
29726
29727
29728
29729
29730
29732
29741
29742
29743
29745
29801
29803
29805
29809
29810
29812
29817

Rep. Cases

Est. Cases

Total Cases

20
1
17
7
1
441
16
143
91
29
53
28
103
27
22
124
117
199
48
225
14
34
233
9
28
441
4
13
85
25
405
401
11
9
4
205
101
106
15
5
39
52
44

123
6
104
43
6
2,709
98
878
559
178
326
172
633
166
135
762
719
1,222
295
1,382
86
209
1,431
55
172
2,709
25
80
522
154
2,488
2,463
68
55
25
1,259
620
651
92
31
240
319
270

143
7
121
50
7
3,150
114
1,021
650
207
379
200
736
193
157
886
836
1,421
343
1,607
100
243
1,664
64
200
3,150
29
93
607
179
2,893
2,864
79
64
29
1,464
721
757
107
36
279
371
314

COVID-19 Confirmed Cases, by Zip Code
Zip

29819
29821
29824
29827
29828
29829
29831
29832
29835
29836
29838
29840
29841
29842
29843
29845
29847
29848
29849
29851
29853
29856
29860
29902
29904
29906
29907
29909
29910
29911
29912
29915
29916
29918
29920
29921
29922
29923
29924
29926
29927
29928
29929

Rep. Cases

Est. Cases

Total Cases

7
3
29
31
0
40
9
32
28
0
1
2
149
27
3
1
23
3
2
23
21
10
59
353
9
172
81
100
496
4
1
1
2
16
62
0
3
6
29
265
137
131
6

43
18
178
190
6
246
55
197
172
6
6
12
915
166
18
6
141
18
12
141
129
61
362
2,168
55
1,057
498
614
3,047
25
6
6
12
98
381
6
18
37
178
1,628
842
805
37

50
21
207
221
6
286
64
229
200
6
7
14
1,064
193
21
7
164
21
14
164
150
71
421
2,521
64
1,229
579
714
3,543
29
7
7
14
114
443
6
21
43
207
1,893
979
936
43

COVID-19 Confirmed Cases, by Zip Code
Zip

29932
29934
29935
29936
29940
29941
29943
29944
29945

Rep. Cases

Est. Cases

Total Cases

1
5
27
103
24
1
3
20
34

6
31
166
633
147
6
18
123
209

7
36
193
736
171
7
21
143
243

