COVID-19 Confirmed Cases, by Zip Code
Reported Cases
0 Cases
1 - 10 Cases
11 - 24 Cases
25-49 Cases
50-100 Cases
>100 Cases

© OpenStreetMap

COVID-19 Confirmed Cases, by Zip Code
Zip

29001
29003
29006
29009
29010
29014
29015
29016
29018
29020
29030
29031
29032
29033
29036
29037
29038
29039
29040
29042
29044
29045
29047
29048
29051
29052
29053
29054
29055
29056
29058
29059
29061
29063
29065
29067
29069
29070
29072
29073
29074
29075
29078

Rep. Cases

Est. Cases

Total Cases

19
41
55
12
234
16
21
139
22
245
26
2
26
83
137
2
11
18
70
39
34
233
57
23
12
15
157
52
47
13
14
32
82
186
4
41
26
72
372
256
0
23
117

117
252
338
74
1,437
98
129
854
135
1,505
160
12
160
510
842
12
68
111
430
240
209
1,431
350
141
74
92
964
319
289
80
86
197
504
1,143
25
252
160
442
2,285
1,573
6
141
719

136
293
393
86
1,671
114
150
993
157
1,750
186
14
186
593
979
14
79
129
500
279
243
1,664
407
164
86
107
1,121
371
336
93
100
229
586
1,329
29
293
186
514
2,657
1,829
6
164
836

COVID-19 Confirmed Cases, by Zip Code
Zip

29080
29081
29082
29101
29102
29104
29105
29107
29108
29111
29112
29113
29114
29115
29118
29122
29123
29125
29126
29127
29128
29129
29130
29133
29135
29137
29138
29142
29145
29146
29148
29150
29152
29153
29154
29160
29161
29162
29163
29164
29166
29168
29169

Rep. Cases

Est. Cases

Total Cases

34
8
6
16
243
11
8
17
134
7
45
2
14
260
90
0
23
29
10
34
91
11
130
9
51
16
185
43
1
4
87
359
3
136
256
46
71
32
24
20
1
25
245

209
49
37
98
1,493
68
49
104
823
43
276
12
86
1,597
553
6
141
178
61
209
559
68
799
55
313
98
1,136
264
6
25
534
2,205
18
835
1,573
283
436
197
147
123
6
154
1,505

243
57
43
114
1,736
79
57
121
957
50
321
14
100
1,857
643
6
164
207
71
243
650
79
929
64
364
114
1,321
307
7
29
621
2,564
21
971
1,829
329
507
229
171
143
7
179
1,750

COVID-19 Confirmed Cases, by Zip Code
Zip

29170
29172
29175
29178
29180
29201
29203
29204
29205
29206
29207
29208
29209
29210
29212
29223
29229
29301
29302
29303
29306
29307
29316
29321
29322
29323
29325
29330
29332
29333
29334
29335
29340
29341
29346
29349
29351
29353
29355
29356
29360
29365
29369

Rep. Cases

Est. Cases

Total Cases

170
58
1
10
113
312
270
148
193
147
236
7
217
278
130
507
353
168
85
142
72
64
115
5
26
66
175
35
7
1
86
13
41
74
1
184
5
8
8
32
112
58
57

1,044
356
6
61
694
1,917
1,659
909
1,186
903
1,450
43
1,333
1,708
799
3,114
2,168
1,032
522
872
442
393
706
31
160
405
1,075
215
43
6
528
80
252
455
6
1,130
31
49
49
197
688
356
350

1,214
414
7
71
807
2,229
1,929
1,057
1,379
1,050
1,686
50
1,550
1,986
929
3,621
2,521
1,200
607
1,014
514
457
821
36
186
471
1,250
250
50
7
614
93
293
529
7
1,314
36
57
57
229
800
414
407

COVID-19 Confirmed Cases, by Zip Code
Zip

29370
29372
29374
29375
29376
29377
29379
29384
29385
29388
29401
29403
29404
29405
29406
29407
29409
29410
29412
29414
29418
29420
29424
29425
29426
29429
29431
29432
29434
29435
29436
29437
29438
29439
29440
29445
29446
29448
29449
29450
29451
29452
29453

Rep. Cases

Est. Cases

Total Cases

4
24
20
1
34
0
56
11
76
60
114
530
10
219
294
250
2
180
283
226
206
160
0
0
7
31
11
15
0
28
11
5
6
12
158
299
4
6
49
9
21
3
3

25
147
123
6
209
6
344
68
467
369
700
3,256
61
1,345
1,806
1,536
12
1,106
1,738
1,388
1,265
983
6
6
43
190
68
92
6
172
68
31
37
74
971
1,837
25
37
301
55
129
18
18

29
171
143
7
243
6
400
79
543
429
814
3,786
71
1,564
2,100
1,786
14
1,286
2,021
1,614
1,471
1,143
6
6
50
221
79
107
6
200
79
36
43
86
1,129
2,136
29
43
350
64
150
21
21

COVID-19 Confirmed Cases, by Zip Code
Zip

29455
29456
29458
29461
29464
29466
29468
29469
29470
29471
29472
29474
29475
29477
29479
29481
29482
29483
29485
29486
29487
29488
29492
29493
29501
29505
29506
29510
29511
29512
29516
29518
29519
29520
29525
29526
29527
29530
29532
29536
29540
29541
29543

Rep. Cases

Est. Cases

Total Cases

166
182
17
171
390
212
5
4
26
6
16
3
12
18
27
29
17
201
176
98
12
208
72
2
394
191
157
43
38
187
7
13
5
177
24
375
161
25
197
147
40
57
12

1,020
1,118
104
1,050
2,396
1,302
31
25
160
37
98
18
74
111
166
178
104
1,235
1,081
602
74
1,278
442
12
2,420
1,173
964
264
233
1,149
43
80
31
1,087
147
2,304
989
154
1,210
903
246
350
74

1,186
1,300
121
1,221
2,786
1,514
36
29
186
43
114
21
86
129
193
207
121
1,436
1,257
700
86
1,486
514
14
2,814
1,364
1,121
307
271
1,336
50
93
36
1,264
171
2,679
1,150
179
1,407
1,050
286
407
86

COVID-19 Confirmed Cases, by Zip Code
Zip

29544
29545
29546
29547
29550
29554
29555
29556
29560
29563
29564
29565
29566
29567
29568
29569
29570
29571
29572
29574
29575
29576
29577
29579
29580
29581
29582
29583
29584
29585
29588
29590
29591
29592
29593
29594
29596
29601
29605
29607
29609
29611
29615

Rep. Cases

Est. Cases

Total Cases

30
15
13
30
160
103
26
208
122
23
5
63
193
7
213
225
28
85
105
80
135
205
318
420
12
30
189
32
15
124
361
18
47
9
3
0
16
163
458
309
337
656
253

184
92
80
184
983
633
160
1,278
749
141
31
387
1,186
43
1,308
1,382
172
522
645
491
829
1,259
1,953
2,580
74
184
1,161
197
92
762
2,218
111
289
55
18
6
98
1,001
2,813
1,898
2,070
4,030
1,554

214
107
93
214
1,143
736
186
1,486
871
164
36
450
1,379
50
1,521
1,607
200
607
750
571
964
1,464
2,271
3,000
86
214
1,350
229
107
886
2,579
129
336
64
21
6
114
1,164
3,271
2,207
2,407
4,686
1,807

COVID-19 Confirmed Cases, by Zip Code
Zip

29617
29620
29621
29624
29625
29626
29627
29628
29630
29631
29634
29635
29638
29639
29640
29642
29643
29644
29645
29646
29649
29650
29651
29653
29654
29655
29657
29658
29661
29662
29664
29665
29666
29667
29669
29670
29671
29672
29673
29676
29678
29680
29681

Rep. Cases

Est. Cases

Total Cases

437
54
135
50
76
38
44
10
63
164
15
5
2
2
199
188
4
107
53
256
149
254
327
27
26
19
57
0
40
77
1
0
24
0
65
24
69
22
191
16
90
185
301

2,684
332
829
307
467
233
270
61
387
1,007
92
31
12
12
1,222
1,155
25
657
326
1,573
915
1,560
2,009
166
160
117
350
6
246
473
6
6
147
6
399
147
424
135
1,173
98
553
1,136
1,849

3,121
386
964
357
543
271
314
71
450
1,171
107
36
14
14
1,421
1,343
29
764
379
1,829
1,064
1,814
2,336
193
186
136
407
6
286
550
7
6
171
6
464
171
493
157
1,364
114
643
1,321
2,150

COVID-19 Confirmed Cases, by Zip Code
Zip

29682
29683
29684
29685
29686
29687
29689
29690
29691
29692
29693
29696
29697
29702
29704
29706
29707
29708
29709
29710
29712
29714
29715
29717
29718
29720
29726
29727
29728
29729
29730
29732
29741
29742
29743
29745
29801
29803
29805
29809
29810
29812
29817

Rep. Cases

Est. Cases

Total Cases

14
1
11
3
1
315
9
88
55
19
31
15
60
14
13
69
72
135
43
142
10
22
137
5
23
305
1
10
64
12
256
262
8
5
3
110
56
58
6
4
23
30
33

86
6
68
18
6
1,935
55
541
338
117
190
92
369
86
80
424
442
829
264
872
61
135
842
31
141
1,874
6
61
393
74
1,573
1,609
49
31
18
676
344
356
37
25
141
184
203

100
7
79
21
7
2,250
64
629
393
136
221
107
429
100
93
493
514
964
307
1,014
71
157
979
36
164
2,179
7
71
457
86
1,829
1,871
57
36
21
786
400
414
43
29
164
214
236

COVID-19 Confirmed Cases, by Zip Code
Zip

29819
29821
29824
29827
29828
29829
29831
29832
29835
29836
29838
29840
29841
29842
29843
29845
29847
29848
29849
29851
29853
29856
29860
29902
29904
29906
29907
29909
29910
29911
29912
29915
29916
29918
29920
29921
29922
29923
29924
29926
29927
29928
29929

Rep. Cases

Est. Cases

Total Cases

2
0
16
19
0
28
5
28
10
0
1
0
90
16
0
0
13
3
2
10
14
5
32
225
2
124
53
57
294
3
1
1
2
11
48
0
3
2
22
153
71
73
5

12
6
98
117
6
172
31
172
61
6
6
6
553
98
6
6
80
18
12
61
86
31
197
1,382
12
762
326
350
1,806
18
6
6
12
68
295
6
18
12
135
940
436
448
31

14
6
114
136
6
200
36
200
71
6
7
6
643
114
6
6
93
21
14
71
100
36
229
1,607
14
886
379
407
2,100
21
7
7
14
79
343
6
21
14
157
1,093
507
521
36

COVID-19 Confirmed Cases, by Zip Code
Zip

29932
29934
29935
29936
29940
29941
29943
29944
29945

Rep. Cases

Est. Cases

Total Cases

1
3
19
46
9
1
1
12
24

6
18
117
283
55
6
6
74
147

7
21
136
329
64
7
7
86
171

