COVID-19 Confirmed Cases, by Zip Code
Reported Cases
0 Cases
1 - 10 Cases
11 - 24 Cases
25-49 Cases
50-100 Cases
>100 Cases

© OpenStreetMap

COVID-19 Confirmed Cases, by Zip Code
Zip

29001
29003
29006
29009
29010
29014
29015
29016
29018
29020
29030
29031
29032
29033
29036
29037
29038
29039
29040
29042
29044
29045
29047
29048
29051
29052
29053
29054
29055
29056
29058
29059
29061
29063
29065
29067
29069
29070
29072
29073
29074
29075
29078

Rep. Cases

Est. Cases

Total Cases

31
178
123
22
294
26
30
229
60
387
45
6
42
183
285
9
34
51
105
97
60
330
93
53
15
25
293
112
57
26
26
89
148
376
9
68
55
171
677
514
1
46
199

190
1,093
756
135
1,806
160
184
1,407
369
2,377
276
37
258
1,124
1,751
55
209
313
645
596
369
2,027
571
326
92
154
1,800
688
350
160
160
547
909
2,310
55
418
338
1,050
4,159
3,157
6
283
1,222

221
1,271
879
157
2,100
186
214
1,636
429
2,764
321
43
300
1,307
2,036
64
243
364
750
693
429
2,357
664
379
107
179
2,093
800
407
186
186
636
1,057
2,686
64
486
393
1,221
4,836
3,671
7
329
1,421

COVID-19 Confirmed Cases, by Zip Code
Zip

29080
29081
29082
29101
29102
29104
29105
29107
29108
29111
29112
29113
29114
29115
29118
29122
29123
29125
29126
29127
29128
29129
29130
29133
29135
29137
29138
29142
29145
29146
29148
29150
29152
29153
29154
29160
29161
29162
29163
29164
29166
29168
29169

Rep. Cases

Est. Cases

Total Cases

57
14
12
33
339
16
17
35
313
17
107
27
34
572
250
0
74
51
18
105
121
23
158
15
151
23
301
100
5
11
104
653
10
262
402
79
141
57
38
41
3
43
382

350
86
74
203
2,082
98
104
215
1,923
104
657
166
209
3,514
1,536
6
455
313
111
645
743
141
971
92
928
141
1,849
614
31
68
639
4,011
61
1,609
2,469
485
866
350
233
252
18
264
2,347

407
100
86
236
2,421
114
121
250
2,236
121
764
193
243
4,086
1,786
6
529
364
129
750
864
164
1,129
107
1,079
164
2,150
714
36
79
743
4,664
71
1,871
2,871
564
1,007
407
271
293
21
307
2,729

COVID-19 Confirmed Cases, by Zip Code
Zip

29170
29172
29175
29178
29180
29201
29203
29204
29205
29206
29207
29208
29209
29210
29212
29223
29229
29301
29302
29303
29306
29307
29316
29321
29322
29323
29325
29330
29332
29333
29334
29335
29340
29341
29346
29349
29351
29353
29355
29356
29360
29365
29369

Rep. Cases

Est. Cases

Total Cases

261
97
1
32
211
422
614
241
323
236
398
9
402
709
271
795
589
325
170
283
152
145
254
19
57
145
350
59
34
11
177
47
124
154
2
332
14
26
10
58
290
152
110

1,603
596
6
197
1,296
2,592
3,772
1,480
1,984
1,450
2,445
55
2,469
4,355
1,665
4,884
3,618
1,996
1,044
1,738
934
891
1,560
117
350
891
2,150
362
209
68
1,087
289
762
946
12
2,039
86
160
61
356
1,781
934
676

1,864
693
7
229
1,507
3,014
4,386
1,721
2,307
1,686
2,843
64
2,871
5,064
1,936
5,679
4,207
2,321
1,214
2,021
1,086
1,036
1,814
136
407
1,036
2,500
421
243
79
1,264
336
886
1,100
14
2,371
100
186
71
414
2,071
1,086
786

COVID-19 Confirmed Cases, by Zip Code
Zip

29370
29372
29374
29375
29376
29377
29379
29384
29385
29388
29401
29403
29404
29405
29406
29407
29409
29410
29412
29414
29418
29420
29424
29425
29426
29429
29431
29432
29434
29435
29436
29437
29438
29439
29440
29445
29446
29448
29449
29450
29451
29452
29453

Rep. Cases

Est. Cases

Total Cases

14
48
38
3
86
0
140
32
111
136
221
1,146
19
778
898
751
7
398
803
742
628
485
0
0
39
62
54
29
2
59
35
40
39
31
376
999
12
21
213
51
34
6
15

86
295
233
18
528
6
860
197
682
835
1,358
7,040
117
4,779
5,516
4,613
43
2,445
4,933
4,558
3,858
2,979
6
6
240
381
332
178
12
362
215
246
240
190
2,310
6,137
74
129
1,308
313
209
37
92

100
343
271
21
614
6
1,000
229
793
971
1,579
8,186
136
5,557
6,414
5,364
50
2,843
5,736
5,300
4,486
3,464
6
6
279
443
386
207
14
421
250
286
279
221
2,686
7,136
86
150
1,521
364
243
43
107

COVID-19 Confirmed Cases, by Zip Code
Zip

29455
29456
29458
29461
29464
29466
29468
29469
29470
29471
29472
29474
29475
29477
29479
29481
29482
29483
29485
29486
29487
29488
29492
29493
29501
29505
29506
29510
29511
29512
29516
29518
29519
29520
29525
29526
29527
29530
29532
29536
29540
29541
29543

Rep. Cases

Est. Cases

Total Cases

491
575
34
543
1,034
475
16
8
88
21
101
18
22
79
85
53
29
717
606
316
63
359
213
3
709
347
272
122
74
222
7
22
14
240
31
846
363
38
271
222
59
109
17

3,016
3,532
209
3,336
6,352
2,918
98
49
541
129
620
111
135
485
522
326
178
4,404
3,723
1,941
387
2,205
1,308
18
4,355
2,132
1,671
749
455
1,364
43
135
86
1,474
190
5,197
2,230
233
1,665
1,364
362
670
104

3,507
4,107
243
3,879
7,386
3,393
114
57
629
150
721
129
157
564
607
379
207
5,121
4,329
2,257
450
2,564
1,521
21
5,064
2,479
1,943
871
529
1,586
50
157
100
1,714
221
6,043
2,593
271
1,936
1,586
421
779
121

COVID-19 Confirmed Cases, by Zip Code
Zip

29544
29545
29546
29547
29550
29554
29555
29556
29560
29563
29564
29565
29566
29567
29568
29569
29570
29571
29572
29574
29575
29576
29577
29579
29580
29581
29582
29583
29584
29585
29588
29590
29591
29592
29593
29594
29596
29601
29605
29607
29609
29611
29615

Rep. Cases

Est. Cases

Total Cases

69
32
29
46
302
169
45
320
189
36
5
95
369
11
321
396
37
189
234
141
327
561
802
990
19
49
368
49
18
247
1,026
29
72
14
7
1
25
308
747
664
533
920
487

424
197
178
283
1,855
1,038
276
1,966
1,161
221
31
584
2,267
68
1,972
2,433
227
1,161
1,437
866
2,009
3,446
4,927
6,081
117
301
2,261
301
111
1,517
6,303
178
442
86
43
6
154
1,892
4,589
4,079
3,274
5,651
2,992

493
229
207
329
2,157
1,207
321
2,286
1,350
257
36
679
2,636
79
2,293
2,829
264
1,350
1,671
1,007
2,336
4,007
5,729
7,071
136
350
2,629
350
129
1,764
7,329
207
514
100
50
7
179
2,200
5,336
4,743
3,807
6,571
3,479

COVID-19 Confirmed Cases, by Zip Code
Zip

29617
29620
29621
29624
29625
29626
29627
29628
29630
29631
29634
29635
29638
29639
29640
29642
29643
29644
29645
29646
29649
29650
29651
29653
29654
29655
29657
29658
29661
29662
29664
29665
29666
29667
29669
29670
29671
29672
29673
29676
29678
29680
29681

Rep. Cases

Est. Cases

Total Cases

657
77
386
130
183
96
112
21
129
235
20
10
10
4
338
379
16
226
112
550
309
445
615
57
53
40
136
1
59
184
4
1
54
6
135
67
117
71
395
30
193
394
633

4,036
473
2,371
799
1,124
590
688
129
792
1,444
123
61
61
25
2,076
2,328
98
1,388
688
3,379
1,898
2,734
3,778
350
326
246
835
6
362
1,130
25
6
332
37
829
412
719
436
2,426
184
1,186
2,420
3,888

4,693
550
2,757
929
1,307
686
800
150
921
1,679
143
71
71
29
2,414
2,707
114
1,614
800
3,929
2,207
3,179
4,393
407
379
286
971
7
421
1,314
29
7
386
43
964
479
836
507
2,821
214
1,379
2,814
4,521

COVID-19 Confirmed Cases, by Zip Code
Zip

29682
29683
29684
29685
29686
29687
29689
29690
29691
29692
29693
29696
29697
29702
29704
29706
29707
29708
29709
29710
29712
29714
29715
29717
29718
29720
29726
29727
29728
29729
29730
29732
29741
29742
29743
29745
29801
29803
29805
29809
29810
29812
29817

Rep. Cases

Est. Cases

Total Cases

29
2
24
10
2
558
21
195
117
38
81
39
138
33
34
196
162
266
67
286
19
38
292
10
34
518
4
14
97
30
555
588
13
11
7
256
187
182
36
15
67
92
82

178
12
147
61
12
3,428
129
1,198
719
233
498
240
848
203
209
1,204
995
1,634
412
1,757
117
233
1,794
61
209
3,182
25
86
596
184
3,409
3,612
80
68
43
1,573
1,149
1,118
221
92
412
565
504

207
14
171
71
14
3,986
150
1,393
836
271
579
279
986
236
243
1,400
1,157
1,900
479
2,043
136
271
2,086
71
243
3,700
29
100
693
214
3,964
4,200
93
79
50
1,829
1,336
1,300
257
107
479
657
586

COVID-19 Confirmed Cases, by Zip Code
Zip

29819
29821
29824
29827
29828
29829
29831
29832
29835
29836
29838
29840
29841
29842
29843
29845
29847
29848
29849
29851
29853
29856
29860
29902
29904
29906
29907
29909
29910
29911
29912
29915
29916
29918
29920
29921
29922
29923
29924
29926
29927
29928
29929

Rep. Cases

Est. Cases

Total Cases

10
5
46
45
7
66
18
55
61
2
3
3
230
44
9
3
31
5
2
43
33
11
98
434
15
245
117
136
670
13
1
1
2
38
106
0
7
6
50
322
166
158
8

61
31
283
276
43
405
111
338
375
12
18
18
1,413
270
55
18
190
31
12
264
203
68
602
2,666
92
1,505
719
835
4,116
80
6
6
12
233
651
6
43
37
307
1,978
1,020
971
49

71
36
329
321
50
471
129
393
436
14
21
21
1,643
314
64
21
221
36
14
307
236
79
700
3,100
107
1,750
836
971
4,786
93
7
7
14
271
757
6
50
43
357
2,300
1,186
1,129
57

COVID-19 Confirmed Cases, by Zip Code
Zip

29932
29934
29935
29936
29940
29941
29943
29944
29945

Rep. Cases

Est. Cases

Total Cases

1
14
40
151
45
1
5
37
57

6
86
246
928
276
6
31
227
350

7
100
286
1,079
321
7
36
264
407

