COVID-19 Cases, by Zip Code
Reported Cases
0 Cases
1 - 5 Cases
6 - 20 Cases
21 - 40 Cases
> 40 Cases

© OpenStreetMap

COVID-19 Cases by Zip Code
Zip

29001
29003
29006
29009
29010
29014
29015
29016
29018
29020
29030
29031
29032
29033
29036
29037
29038
29039
29040
29042
29044
29045
29047
29048
29051
29052
29053
29054
29055
29056
29058
29059
29061
29063
29065
29067
29069
29070
29072
29073
29074
29075
29078

Rep. Cases

Est. Cases

Total Cases

10
6
17
6
54
2
0
48
1
126
1
0
4
10
44
1
4
3
17
6
12
69
3
10
4
5
36
11
5
2
4
7
27
48
1
10
11
20
78
46
0
3
50

61
37
104
37
332
12
6
295
6
774
6
6
25
61
270
6
25
18
104
37
74
424
18
61
25
31
221
68
31
12
25
43
166
295
6
61
68
123
479
283
6
18
307

71
43
121
43
386
14
6
343
7
900
7
6
29
71
314
7
29
21
121
43
86
493
21
71
29
36
257
79
36
14
29
50
193
343
7
71
79
143
557
329
6
21
357

COVID-19 Cases by Zip Code
Zip

29080
29081
29082
29101
29102
29104
29105
29107
29108
29111
29112
29113
29114
29115
29118
29122
29123
29125
29126
29127
29128
29129
29130
29133
29135
29137
29138
29142
29145
29146
29148
29150
29152
29153
29154
29160
29161
29162
29163
29164
29166
29168
29169

Rep. Cases

Est. Cases

Total Cases

13
0
0
7
157
3
2
3
10
1
16
0
7
25
12
0
4
12
1
10
27
6
24
1
6
9
62
4
1
2
56
81
3
41
78
13
22
9
5
4
0
5
28

80
6
6
43
964
18
12
18
61
6
98
6
43
154
74
6
25
74
6
61
166
37
147
6
37
55
381
25
6
12
344
498
18
252
479
80
135
55
31
25
6
31
172

93
6
6
50
1,121
21
14
21
71
7
114
6
50
179
86
6
29
86
7
71
193
43
171
7
43
64
443
29
7
14
400
579
21
293
557
93
157
64
36
29
6
36
200

COVID-19 Cases by Zip Code
Zip

29170
29172
29175
29178
29180
29201
29203
29204
29205
29206
29207
29208
29209
29210
29212
29223
29229
29301
29302
29303
29306
29307
29316
29321
29322
29323
29325
29330
29332
29333
29334
29335
29340
29341
29346
29349
29351
29353
29355
29356
29360
29365
29369

Rep. Cases

Est. Cases

Total Cases

27
19
1
4
20
28
99
49
25
27
55
2
69
87
41
183
150
25
14
16
28
15
31
1
6
18
12
4
1
0
18
5
9
5
0
31
0
1
1
3
12
21
13

166
117
6
25
123
172
608
301
154
166
338
12
424
534
252
1,124
921
154
86
98
172
92
190
6
37
111
74
25
6
6
111
31
55
31
6
190
6
6
6
18
74
129
80

193
136
7
29
143
200
707
350
179
193
393
14
493
621
293
1,307
1,071
179
100
114
200
107
221
7
43
129
86
29
7
6
129
36
64
36
6
221
6
7
7
21
86
150
93

COVID-19 Cases by Zip Code
Zip

29370
29372
29374
29375
29376
29377
29379
29384
29385
29388
29401
29403
29404
29405
29406
29407
29409
29410
29412
29414
29418
29420
29424
29425
29426
29429
29431
29432
29434
29435
29436
29437
29438
29439
29440
29445
29446
29448
29449
29450
29451
29452
29453

Rep. Cases

Est. Cases

Total Cases

2
9
3
1
13
0
24
1
23
13
12
28
2
34
27
38
0
44
41
37
26
26
0
13
0
6
0
1
0
3
2
1
1
2
22
35
1
2
8
1
9
0
1

12
55
18
6
80
6
147
6
141
80
74
172
12
209
166
233
6
270
252
227
160
160
6
80
6
37
6
6
6
18
12
6
6
12
135
215
6
12
49
6
55
6
6

14
64
21
7
93
6
171
7
164
93
86
200
14
243
193
271
6
314
293
264
186
186
6
93
6
43
6
7
6
21
14
7
7
14
157
250
7
14
57
7
64
6
7

COVID-19 Cases by Zip Code
Zip

29455
29456
29458
29461
29464
29466
29468
29469
29470
29471
29472
29474
29475
29477
29479
29481
29482
29483
29485
29486
29487
29488
29492
29493
29501
29505
29506
29510
29511
29512
29516
29518
29519
29520
29525
29526
29527
29530
29532
29536
29540
29541
29543

Rep. Cases

Est. Cases

Total Cases

15
23
3
66
68
43
3
0
5
2
3
0
3
5
9
0
8
29
35
13
4
20
11
0
115
45
67
8
5
43
5
3
0
23
5
23
31
9
42
46
15
20
0

92
141
18
405
418
264
18
6
31
12
18
6
18
31
55
6
49
178
215
80
25
123
68
6
706
276
412
49
31
264
31
18
6
141
31
141
190
55
258
283
92
123
6

107
164
21
471
486
307
21
6
36
14
21
6
21
36
64
6
57
207
250
93
29
143
79
6
821
321
479
57
36
307
36
21
6
164
36
164
221
64
300
329
107
143
6

COVID-19 Cases by Zip Code
Zip

29544
29545
29546
29547
29550
29554
29555
29556
29560
29563
29564
29565
29566
29567
29568
29569
29570
29571
29572
29574
29575
29576
29577
29579
29580
29581
29582
29583
29584
29585
29588
29590
29591
29592
29593
29594
29596
29601
29605
29607
29609
29611
29615

Rep. Cases

Est. Cases

Total Cases

5
1
5
6
79
27
8
49
32
10
0
8
11
3
13
20
1
21
6
15
12
24
24
21
4
5
5
12
2
12
33
6
16
0
1
0
0
26
75
49
59
72
45

31
6
31
37
485
166
49
301
197
61
6
49
68
18
80
123
6
129
37
92
74
147
147
129
25
31
31
74
12
74
203
37
98
6
6
6
6
160
461
301
362
442
276

36
7
36
43
564
193
57
350
229
71
6
57
79
21
93
143
7
150
43
107
86
171
171
150
29
36
36
86
14
86
236
43
114
6
7
6
6
186
536
350
421
514
321

COVID-19 Cases by Zip Code
Zip

29617
29620
29621
29624
29625
29626
29627
29628
29630
29631
29634
29635
29638
29639
29640
29642
29643
29644
29645
29646
29649
29650
29651
29653
29654
29655
29657
29658
29661
29662
29664
29665
29666
29667
29669
29670
29671
29672
29673
29676
29678
29680
29681

Rep. Cases

Est. Cases

Total Cases

28
23
40
19
25
8
13
4
1
5
0
1
2
1
18
26
0
22
10
22
20
39
66
0
8
11
9
0
3
20
0
0
5
0
16
3
3
5
37
5
11
46
58

172
141
246
117
154
49
80
25
6
31
6
6
12
6
111
160
6
135
61
135
123
240
405
6
49
68
55
6
18
123
6
6
31
6
98
18
18
31
227
31
68
283
356

200
164
286
136
179
57
93
29
7
36
6
7
14
7
129
186
6
157
71
157
143
279
471
6
57
79
64
6
21
143
6
6
36
6
114
21
21
36
264
36
79
329
414

COVID-19 Cases by Zip Code
Zip

29682
29683
29684
29685
29686
29687
29689
29690
29691
29692
29693
29696
29697
29702
29704
29706
29707
29708
29709
29710
29712
29714
29715
29717
29718
29720
29726
29727
29728
29729
29730
29732
29741
29742
29743
29745
29801
29803
29805
29809
29810
29812
29817

Rep. Cases

Est. Cases

Total Cases

3
0
4
0
0
52
2
15
2
6
6
0
8
2
2
16
21
23
9
34
1
8
34
2
4
70
0
0
11
3
45
61
4
1
1
12
18
20
2
0
10
13
8

18
6
25
0
6
319
12
92
12
37
37
6
49
12
12
98
129
141
55
209
6
49
209
12
25
430
6
6
68
18
276
375
25
6
6
74
111
123
12
6
61
80
49

21
6
29
0
6
371
14
107
14
43
43
6
57
14
14
114
150
164
64
243
7
57
243
14
29
500
6
6
79
21
321
436
29
7
7
86
129
143
14
6
71
93
57

COVID-19 Cases by Zip Code
Zip

29819
29821
29824
29827
29828
29829
29831
29832
29835
29836
29838
29840
29841
29842
29843
29845
29847
29848
29849
29851
29853
29856
29860
29902
29904
29906
29907
29909
29910
29911
29912
29915
29916
29918
29920
29921
29922
29923
29924
29926
29927
29928
29929

Rep. Cases

Est. Cases

Total Cases

0
0
6
7
0
5
2
16
7
0
0
0
31
3
0
0
4
0
0
2
6
2
13
84
0
41
22
14
48
1
1
1
0
7
10
0
1
0
10
17
5
12
4

6
6
37
43
6
31
12
98
43
6
6
6
190
18
6
6
25
6
6
12
37
12
80
516
6
252
135
86
295
6
6
6
6
43
61
6
6
6
61
104
31
74
25

6
6
43
50
6
36
14
114
50
6
6
6
221
21
6
6
29
6
6
14
43
14
93
600
6
293
157
100
343
7
7
7
6
50
71
6
7
6
71
121
36
86
29

COVID-19 Cases by Zip Code
Zip

29932
29934
29935
29936
29940
29941
29943
29944
29945

Rep. Cases

Est. Cases

Total Cases

1
1
9
14
2
1
0
5
4

6
6
55
86
12
6
6
31
25

7
7
64
100
14
7
6
36
29

