COVID-19 Confirmed Cases, by Zip Code
Reported Cases
0 Cases
1 - 10 Cases
11 - 24 Cases
25-49 Cases
50-100 Cases
>100 Cases

© OpenStreetMap

COVID-19 Confirmed Cases, by Zip Code
Zip

29001
29003
29006
29009
29010
29014
29015
29016
29018
29020
29030
29031
29032
29033
29036
29037
29038
29039
29040
29042
29044
29045
29047
29048
29051
29052
29053
29054
29055
29056
29058
29059
29061
29063
29065
29067
29069
29070
29072
29073
29074
29075
29078

Rep. Cases

Est. Cases

Total Cases

22
117
105
20
278
18
25
192
39
338
38
2
37
154
236
6
23
38
90
60
53
300
79
36
14
21
248
97
52
20
20
70
130
315
7
60
45
148
552
422
1
39
169

135
719
645
123
1,708
111
154
1,179
240
2,076
233
12
227
946
1,450
37
141
233
553
369
326
1,843
485
221
86
129
1,523
596
319
123
123
430
799
1,935
43
369
276
909
3,391
2,592
6
240
1,038

157
836
750
143
1,986
129
179
1,371
279
2,414
271
14
264
1,100
1,686
43
164
271
643
429
379
2,143
564
257
100
150
1,771
693
371
143
143
500
929
2,250
50
429
321
1,057
3,943
3,014
7
279
1,207

COVID-19 Confirmed Cases, by Zip Code
Zip

29080
29081
29082
29101
29102
29104
29105
29107
29108
29111
29112
29113
29114
29115
29118
29122
29123
29125
29126
29127
29128
29129
29130
29133
29135
29137
29138
29142
29145
29146
29148
29150
29152
29153
29154
29160
29161
29162
29163
29164
29166
29168
29169

Rep. Cases

Est. Cases

Total Cases

45
13
11
20
295
14
15
30
238
8
81
16
21
470
193
0
56
44
16
86
112
17
148
13
107
21
260
85
3
8
98
548
9
218
345
66
112
46
29
35
2
35
329

276
80
68
123
1,812
86
92
184
1,462
49
498
98
129
2,887
1,186
6
344
270
98
528
688
104
909
80
657
129
1,597
522
18
49
602
3,366
55
1,339
2,119
405
688
283
178
215
12
215
2,021

321
93
79
143
2,107
100
107
214
1,700
57
579
114
150
3,357
1,379
6
400
314
114
614
800
121
1,057
93
764
150
1,857
607
21
57
700
3,914
64
1,557
2,464
471
800
329
207
250
14
250
2,350

COVID-19 Confirmed Cases, by Zip Code
Zip

29170
29172
29175
29178
29180
29201
29203
29204
29205
29206
29207
29208
29209
29210
29212
29223
29229
29301
29302
29303
29306
29307
29316
29321
29322
29323
29325
29330
29332
29333
29334
29335
29340
29341
29346
29349
29351
29353
29355
29356
29360
29365
29369

Rep. Cases

Est. Cases

Total Cases

231
83
1
25
181
387
464
203
283
207
353
8
344
519
227
689
500
278
148
223
129
118
211
18
50
122
291
53
29
7
141
43
82
127
2
277
9
21
9
49
234
115
96

1,419
510
6
154
1,112
2,377
2,850
1,247
1,738
1,272
2,168
49
2,113
3,188
1,394
4,232
3,071
1,708
909
1,370
792
725
1,296
111
307
749
1,788
326
178
43
866
264
504
780
12
1,702
55
129
55
301
1,437
706
590

1,650
593
7
179
1,293
2,764
3,314
1,450
2,021
1,479
2,521
57
2,457
3,707
1,621
4,921
3,571
1,986
1,057
1,593
921
843
1,507
129
357
871
2,079
379
207
50
1,007
307
586
907
14
1,979
64
150
64
350
1,671
821
686

COVID-19 Confirmed Cases, by Zip Code
Zip

29370
29372
29374
29375
29376
29377
29379
29384
29385
29388
29401
29403
29404
29405
29406
29407
29409
29410
29412
29414
29418
29420
29424
29425
29426
29429
29431
29432
29434
29435
29436
29437
29438
29439
29440
29445
29446
29448
29449
29450
29451
29452
29453

Rep. Cases

Est. Cases

Total Cases

10
39
28
3
73
0
115
28
99
120
183
1,021
18
622
745
624
7
353
666
602
515
388
0
0
26
54
34
23
0
47
28
36
34
31
278
782
8
16
160
39
32
5
10

61
240
172
18
448
6
706
172
608
737
1,124
6,272
111
3,821
4,576
3,833
43
2,168
4,091
3,698
3,164
2,383
6
6
160
332
209
141
6
289
172
221
209
190
1,708
4,804
49
98
983
240
197
31
61

71
279
200
21
521
6
821
200
707
857
1,307
7,293
129
4,443
5,321
4,457
50
2,521
4,757
4,300
3,679
2,771
6
6
186
386
243
164
6
336
200
257
243
221
1,986
5,586
57
114
1,143
279
229
36
71

COVID-19 Confirmed Cases, by Zip Code
Zip

29455
29456
29458
29461
29464
29466
29468
29469
29470
29471
29472
29474
29475
29477
29479
29481
29482
29483
29485
29486
29487
29488
29492
29493
29501
29505
29506
29510
29511
29512
29516
29518
29519
29520
29525
29526
29527
29530
29532
29536
29540
29541
29543

Rep. Cases

Est. Cases

Total Cases

413
448
27
408
876
389
11
8
67
16
75
13
18
55
60
48
24
554
468
241
52
304
167
3
587
284
213
83
62
210
7
18
11
221
26
733
298
35
236
198
48
93
16

2,537
2,752
166
2,506
5,381
2,390
68
49
412
98
461
80
111
338
369
295
147
3,403
2,875
1,480
319
1,867
1,026
18
3,606
1,745
1,308
510
381
1,290
43
111
68
1,358
160
4,503
1,831
215
1,450
1,216
295
571
98

2,950
3,200
193
2,914
6,257
2,779
79
57
479
114
536
93
129
393
429
343
171
3,957
3,343
1,721
371
2,171
1,193
21
4,193
2,029
1,521
593
443
1,500
50
129
79
1,579
186
5,236
2,129
250
1,686
1,414
343
664
114

COVID-19 Confirmed Cases, by Zip Code
Zip

29544
29545
29546
29547
29550
29554
29555
29556
29560
29563
29564
29565
29566
29567
29568
29569
29570
29571
29572
29574
29575
29576
29577
29579
29580
29581
29582
29583
29584
29585
29588
29590
29591
29592
29593
29594
29596
29601
29605
29607
29609
29611
29615

Rep. Cases

Est. Cases

Total Cases

52
28
27
45
239
150
40
256
170
34
5
86
328
11
297
338
35
151
205
124
286
485
714
877
16
42
332
43
17
219
883
20
61
12
5
0
22
271
653
559
463
844
424

319
172
166
276
1,468
921
246
1,573
1,044
209
31
528
2,015
68
1,824
2,076
215
928
1,259
762
1,757
2,979
4,386
5,387
98
258
2,039
264
104
1,345
5,424
123
375
74
31
6
135
1,665
4,011
3,434
2,844
5,185
2,605

371
200
193
321
1,707
1,071
286
1,829
1,214
243
36
614
2,343
79
2,121
2,414
250
1,079
1,464
886
2,043
3,464
5,100
6,264
114
300
2,371
307
121
1,564
6,307
143
436
86
36
6
157
1,936
4,664
3,993
3,307
6,029
3,029

COVID-19 Confirmed Cases, by Zip Code
Zip

29617
29620
29621
29624
29625
29626
29627
29628
29630
29631
29634
29635
29638
29639
29640
29642
29643
29644
29645
29646
29649
29650
29651
29653
29654
29655
29657
29658
29661
29662
29664
29665
29666
29667
29669
29670
29671
29672
29673
29676
29678
29680
29681

Rep. Cases

Est. Cases

Total Cases

593
66
286
96
144
69
78
14
120
227
20
10
7
3
280
317
13
190
96
469
247
388
519
48
45
29
109
0
55
149
4
1
47
3
106
53
94
58
329
22
163
337
524

3,643
405
1,757
590
885
424
479
86
737
1,394
123
61
43
18
1,720
1,947
80
1,167
590
2,881
1,517
2,383
3,188
295
276
178
670
6
338
915
25
6
289
18
651
326
577
356
2,021
135
1,001
2,070
3,219

4,236
471
2,043
686
1,029
493
557
100
857
1,621
143
71
50
21
2,000
2,264
93
1,357
686
3,350
1,764
2,771
3,707
343
321
207
779
6
393
1,064
29
7
336
21
757
379
671
414
2,350
157
1,164
2,407
3,743

COVID-19 Confirmed Cases, by Zip Code
Zip

29682
29683
29684
29685
29686
29687
29689
29690
29691
29692
29693
29696
29697
29702
29704
29706
29707
29708
29709
29710
29712
29714
29715
29717
29718
29720
29726
29727
29728
29729
29730
29732
29741
29742
29743
29745
29801
29803
29805
29809
29810
29812
29817

Rep. Cases

Est. Cases

Total Cases

23
1
18
7
1
481
19
159
97
34
58
28
115
29
24
150
130
216
53
242
16
35
258
9
29
465
4
14
89
27
454
458
12
11
6
221
119
123
17
9
46
59
52

141
6
111
43
6
2,955
117
977
596
209
356
172
706
178
147
921
799
1,327
326
1,487
98
215
1,585
55
178
2,856
25
86
547
166
2,789
2,813
74
68
37
1,358
731
756
104
55
283
362
319

164
7
129
50
7
3,436
136
1,136
693
243
414
200
821
207
171
1,071
929
1,543
379
1,729
114
250
1,843
64
207
3,321
29
100
636
193
3,243
3,271
86
79
43
1,579
850
879
121
64
329
421
371

COVID-19 Confirmed Cases, by Zip Code
Zip

29819
29821
29824
29827
29828
29829
29831
29832
29835
29836
29838
29840
29841
29842
29843
29845
29847
29848
29849
29851
29853
29856
29860
29902
29904
29906
29907
29909
29910
29911
29912
29915
29916
29918
29920
29921
29922
29923
29924
29926
29927
29928
29929

Rep. Cases

Est. Cases

Total Cases

8
3
39
36
1
48
9
35
42
1
1
3
184
32
4
1
27
4
2
28
26
11
73
381
11
190
95
107
566
4
1
1
2
19
76
0
4
6
33
282
142
137
6

49
18
240
221
6
295
55
215
258
6
6
18
1,130
197
25
6
166
25
12
172
160
68
448
2,340
68
1,167
584
657
3,477
25
6
6
12
117
467
6
25
37
203
1,732
872
842
37

57
21
279
257
7
343
64
250
300
7
7
21
1,314
229
29
7
193
29
14
200
186
79
521
2,721
79
1,357
679
764
4,043
29
7
7
14
136
543
6
29
43
236
2,014
1,014
979
43

COVID-19 Confirmed Cases, by Zip Code
Zip

29932
29934
29935
29936
29940
29941
29943
29944
29945

Rep. Cases

Est. Cases

Total Cases

1
5
33
119
29
1
4
29
37

6
31
203
731
178
6
25
178
227

7
36
236
850
207
7
29
207
264

