COVID-19 Confirmed Cases, by Zip Code
Reported Cases
0 Cases
1 - 10 Cases
11 - 24 Cases
25-49 Cases
50-100 Cases
>100 Cases

© OpenStreetMap

COVID-19 Confirmed Cases, by Zip Code
Zip

29001
29003
29006
29009
29010
29014
29015
29016
29018
29020
29030
29031
29032
29033
29036
29037
29038
29039
29040
29042
29044
29045
29047
29048
29051
29052
29053
29054
29055
29056
29058
29059
29061
29063
29065
29067
29069
29070
29072
29073
29074
29075
29078

Rep. Cases

Est. Cases

Total Cases

19
89
91
17
266
17
25
168
30
318
34
2
33
123
197
5
17
31
84
48
45
276
66
30
14
19
212
85
49
18
17
53
117
265
7
52
35
129
486
352
1
28
160

117
547
559
104
1,634
104
154
1,032
184
1,953
209
12
203
756
1,210
31
104
190
516
295
276
1,695
405
184
86
117
1,302
522
301
111
104
326
719
1,628
43
319
215
792
2,985
2,162
6
172
983

136
636
650
121
1,900
121
179
1,200
214
2,271
243
14
236
879
1,407
36
121
221
600
343
321
1,971
471
214
100
136
1,514
607
350
129
121
379
836
1,893
50
371
250
921
3,471
2,514
7
200
1,143

COVID-19 Confirmed Cases, by Zip Code
Zip

29080
29081
29082
29101
29102
29104
29105
29107
29108
29111
29112
29113
29114
29115
29118
29122
29123
29125
29126
29127
29128
29129
29130
29133
29135
29137
29138
29142
29145
29146
29148
29150
29152
29153
29154
29160
29161
29162
29163
29164
29166
29168
29169

Rep. Cases

Est. Cases

Total Cases

40
11
8
18
273
13
14
23
202
8
70
4
17
388
140
0
48
39
13
65
110
15
139
12
75
18
225
68
2
6
92
462
4
180
301
62
96
40
26
32
1
31
299

246
68
49
111
1,677
80
86
141
1,241
49
430
25
104
2,383
860
6
295
240
80
399
676
92
854
74
461
111
1,382
418
12
37
565
2,838
25
1,106
1,849
381
590
246
160
197
6
190
1,837

286
79
57
129
1,950
93
100
164
1,443
57
500
29
121
2,771
1,000
6
343
279
93
464
786
107
993
86
536
129
1,607
486
14
43
657
3,300
29
1,286
2,150
443
686
286
186
229
7
221
2,136

COVID-19 Confirmed Cases, by Zip Code
Zip

29170
29172
29175
29178
29180
29201
29203
29204
29205
29206
29207
29208
29209
29210
29212
29223
29229
29301
29302
29303
29306
29307
29316
29321
29322
29323
29325
29330
29332
29333
29334
29335
29340
29341
29346
29349
29351
29353
29355
29356
29360
29365
29369

Rep. Cases

Est. Cases

Total Cases

209
73
1
20
142
363
389
182
254
186
333
8
287
407
171
626
437
223
125
180
105
98
168
14
38
95
262
41
19
6
115
31
63
98
2
236
8
14
9
43
197
93
76

1,284
448
6
123
872
2,230
2,390
1,118
1,560
1,143
2,046
49
1,763
2,500
1,050
3,845
2,684
1,370
768
1,106
645
602
1,032
86
233
584
1,609
252
117
37
706
190
387
602
12
1,450
49
86
55
264
1,210
571
467

1,493
521
7
143
1,014
2,593
2,779
1,300
1,814
1,329
2,379
57
2,050
2,907
1,221
4,471
3,121
1,593
893
1,286
750
700
1,200
100
271
679
1,871
293
136
43
821
221
450
700
14
1,686
57
100
64
307
1,407
664
543

COVID-19 Confirmed Cases, by Zip Code
Zip

29370
29372
29374
29375
29376
29377
29379
29384
29385
29388
29401
29403
29404
29405
29406
29407
29409
29410
29412
29414
29418
29420
29424
29425
29426
29429
29431
29432
29434
29435
29436
29437
29438
29439
29440
29445
29446
29448
29449
29450
29451
29452
29453

Rep. Cases

Est. Cases

Total Cases

7
32
26
2
54
0
94
18
85
92
161
858
16
504
598
481
6
296
538
481
421
316
0
0
18
43
23
19
0
41
19
21
25
24
245
592
7
14
112
26
27
3
6

43
197
160
12
332
6
577
111
522
565
989
5,271
98
3,096
3,673
2,955
37
1,818
3,305
2,955
2,586
1,941
6
6
111
264
141
117
6
252
117
129
154
147
1,505
3,637
43
86
688
160
166
18
37

50
229
186
14
386
6
671
129
607
657
1,150
6,129
114
3,600
4,271
3,436
43
2,114
3,843
3,436
3,007
2,257
6
6
129
307
164
136
6
293
136
150
179
171
1,750
4,229
50
100
800
186
193
21
43

COVID-19 Confirmed Cases, by Zip Code
Zip

29455
29456
29458
29461
29464
29466
29468
29469
29470
29471
29472
29474
29475
29477
29479
29481
29482
29483
29485
29486
29487
29488
29492
29493
29501
29505
29506
29510
29511
29512
29516
29518
29519
29520
29525
29526
29527
29530
29532
29536
29540
29541
29543

Rep. Cases

Est. Cases

Total Cases

315
359
19
310
717
337
9
7
56
13
55
6
15
39
47
44
22
432
367
214
39
269
130
3
509
246
190
69
51
206
7
15
9
205
26
624
249
31
217
173
45
82
14

1,935
2,205
117
1,904
4,404
2,070
55
43
344
80
338
37
92
240
289
270
135
2,654
2,254
1,315
240
1,652
799
18
3,127
1,511
1,167
424
313
1,265
43
92
55
1,259
160
3,833
1,530
190
1,333
1,063
276
504
86

2,250
2,564
136
2,214
5,121
2,407
64
50
400
93
393
43
107
279
336
314
157
3,086
2,621
1,529
279
1,921
929
21
3,636
1,757
1,357
493
364
1,471
50
107
64
1,464
186
4,457
1,779
221
1,550
1,236
321
586
100

COVID-19 Confirmed Cases, by Zip Code
Zip

29544
29545
29546
29547
29550
29554
29555
29556
29560
29563
29564
29565
29566
29567
29568
29569
29570
29571
29572
29574
29575
29576
29577
29579
29580
29581
29582
29583
29584
29585
29588
29590
29591
29592
29593
29594
29596
29601
29605
29607
29609
29611
29615

Rep. Cases

Est. Cases

Total Cases

42
20
22
41
215
135
35
236
159
28
4
83
284
10
268
294
31
130
162
112
245
419
604
717
15
38
291
35
18
197
765
20
57
11
5
0
21
237
587
432
414
786
369

258
123
135
252
1,321
829
215
1,450
977
172
25
510
1,745
61
1,646
1,806
190
799
995
688
1,505
2,574
3,710
4,404
92
233
1,788
215
111
1,210
4,699
123
350
68
31
6
129
1,456
3,606
2,654
2,543
4,828
2,267

300
143
157
293
1,536
964
250
1,686
1,136
200
29
593
2,029
71
1,914
2,100
221
929
1,157
800
1,750
2,993
4,314
5,121
107
271
2,079
250
129
1,407
5,464
143
407
79
36
6
150
1,693
4,193
3,086
2,957
5,614
2,636

COVID-19 Confirmed Cases, by Zip Code
Zip

29617
29620
29621
29624
29625
29626
29627
29628
29630
29631
29634
29635
29638
29639
29640
29642
29643
29644
29645
29646
29649
29650
29651
29653
29654
29655
29657
29658
29661
29662
29664
29665
29666
29667
29669
29670
29671
29672
29673
29676
29678
29680
29681

Rep. Cases

Est. Cases

Total Cases

540
61
240
77
118
59
69
12
106
214
18
8
5
3
246
269
9
155
78
371
207
336
425
32
38
25
84
0
50
120
3
1
36
2
87
48
79
43
283
19
131
278
423

3,317
375
1,474
473
725
362
424
74
651
1,315
111
49
31
18
1,511
1,652
55
952
479
2,279
1,272
2,064
2,611
197
233
154
516
6
307
737
18
6
221
12
534
295
485
264
1,738
117
805
1,708
2,598

3,857
436
1,714
550
843
421
493
86
757
1,529
129
57
36
21
1,757
1,921
64
1,107
557
2,650
1,479
2,400
3,036
229
271
179
600
6
357
857
21
7
257
14
621
343
564
307
2,021
136
936
1,986
3,021

COVID-19 Confirmed Cases, by Zip Code
Zip

29682
29683
29684
29685
29686
29687
29689
29690
29691
29692
29693
29696
29697
29702
29704
29706
29707
29708
29709
29710
29712
29714
29715
29717
29718
29720
29726
29727
29728
29729
29730
29732
29741
29742
29743
29745
29801
29803
29805
29809
29810
29812
29817

Rep. Cases

Est. Cases

Total Cases

18
1
17
6
1
407
15
130
75
28
50
24
91
24
20
112
108
191
47
205
14
32
211
9
25
420
2
12
81
23
371
365
10
9
4
191
91
102
13
5
33
44
39

111
6
104
37
6
2,500
92
799
461
172
307
147
559
147
123
688
663
1,173
289
1,259
86
197
1,296
55
154
2,580
12
74
498
141
2,279
2,242
61
55
25
1,173
559
627
80
31
203
270
240

129
7
121
43
7
2,907
107
929
536
200
357
171
650
171
143
800
771
1,364
336
1,464
100
229
1,507
64
179
3,000
14
86
579
164
2,650
2,607
71
64
29
1,364
650
729
93
36
236
314
279

COVID-19 Confirmed Cases, by Zip Code
Zip

29819
29821
29824
29827
29828
29829
29831
29832
29835
29836
29838
29840
29841
29842
29843
29845
29847
29848
29849
29851
29853
29856
29860
29902
29904
29906
29907
29909
29910
29911
29912
29915
29916
29918
29920
29921
29922
29923
29924
29926
29927
29928
29929

Rep. Cases

Est. Cases

Total Cases

7
2
25
26
0
35
9
32
23
0
1
2
136
24
3
0
20
3
2
19
21
7
56
314
6
160
75
89
457
4
1
1
2
14
59
0
3
6
28
257
118
124
5

43
12
154
160
6
215
55
197
141
6
6
12
835
147
18
6
123
18
12
117
129
43
344
1,929
37
983
461
547
2,807
25
6
6
12
86
362
6
18
37
172
1,579
725
762
31

50
14
179
186
6
250
64
229
164
6
7
14
971
171
21
6
143
21
14
136
150
50
400
2,243
43
1,143
536
636
3,264
29
7
7
14
100
421
6
21
43
200
1,836
843
886
36

COVID-19 Confirmed Cases, by Zip Code
Zip

29932
29934
29935
29936
29940
29941
29943
29944
29945

Rep. Cases

Est. Cases

Total Cases

1
5
26
88
22
1
3
18
32

6
31
160
541
135
6
18
111
197

7
36
186
629
157
7
21
129
229

