COVID-19 Confirmed Cases, by Zip Code
Reported Cases
0 Cases
1 - 10 Cases
11 - 24 Cases
25-49 Cases
50-100 Cases
>100 Cases

© OpenStreetMap

COVID-19 Confirmed Cases, by Zip Code
Zip

29001
29003
29006
29009
29010
29014
29015
29016
29018
29020
29030
29031
29032
29033
29036
29037
29038
29039
29040
29042
29044
29045
29047
29048
29051
29052
29053
29054
29055
29056
29058
29059
29061
29063
29065
29067
29069
29070
29072
29073
29074
29075
29078

Rep. Cases

Est. Cases

Total Cases

19
84
79
17
250
16
26
160
28
296
33
2
31
117
183
4
16
28
81
47
40
267
63
29
14
18
196
75
48
18
17
51
107
245
6
53
32
110
454
317
1
26
152

117
516
485
104
1,536
98
160
983
172
1,818
203
12
190
719
1,124
25
98
172
498
289
246
1,640
387
178
86
111
1,204
461
295
111
104
313
657
1,505
37
326
197
676
2,789
1,947
6
160
934

136
600
564
121
1,786
114
186
1,143
200
2,114
236
14
221
836
1,307
29
114
200
579
336
286
1,907
450
207
100
129
1,400
536
343
129
121
364
764
1,750
43
379
229
786
3,243
2,264
7
186
1,086

COVID-19 Confirmed Cases, by Zip Code
Zip

29080
29081
29082
29101
29102
29104
29105
29107
29108
29111
29112
29113
29114
29115
29118
29122
29123
29125
29126
29127
29128
29129
29130
29133
29135
29137
29138
29142
29145
29146
29148
29150
29152
29153
29154
29160
29161
29162
29163
29164
29166
29168
29169

Rep. Cases

Est. Cases

Total Cases

38
10
8
18
269
12
14
22
174
8
60
4
15
365
128
0
37
36
11
56
104
14
134
11
67
17
209
63
2
6
91
433
4
169
293
56
87
38
25
29
1
30
277

233
61
49
111
1,652
74
86
135
1,069
49
369
25
92
2,242
786
6
227
221
68
344
639
86
823
68
412
104
1,284
387
12
37
559
2,660
25
1,038
1,800
344
534
233
154
178
6
184
1,702

271
71
57
129
1,921
86
100
157
1,243
57
429
29
107
2,607
914
6
264
257
79
400
743
100
957
79
479
121
1,493
450
14
43
650
3,093
29
1,207
2,093
400
621
271
179
207
7
214
1,979

COVID-19 Confirmed Cases, by Zip Code
Zip

29170
29172
29175
29178
29180
29201
29203
29204
29205
29206
29207
29208
29209
29210
29212
29223
29229
29301
29302
29303
29306
29307
29316
29321
29322
29323
29325
29330
29332
29333
29334
29335
29340
29341
29346
29349
29351
29353
29355
29356
29360
29365
29369

Rep. Cases

Est. Cases

Total Cases

200
71
1
17
134
360
350
172
245
178
329
8
262
387
162
601
410
205
111
162
97
86
151
10
36
84
249
40
13
3
105
27
52
92
2
222
8
12
9
41
179
80
74

1,229
436
6
104
823
2,211
2,150
1,057
1,505
1,093
2,021
49
1,609
2,377
995
3,692
2,519
1,259
682
995
596
528
928
61
221
516
1,530
246
80
18
645
166
319
565
12
1,364
49
74
55
252
1,100
491
455

1,429
507
7
121
957
2,571
2,500
1,229
1,750
1,271
2,350
57
1,871
2,764
1,157
4,293
2,929
1,464
793
1,157
693
614
1,079
71
257
600
1,779
286
93
21
750
193
371
657
14
1,586
57
86
64
293
1,279
571
529

COVID-19 Confirmed Cases, by Zip Code
Zip

29370
29372
29374
29375
29376
29377
29379
29384
29385
29388
29401
29403
29404
29405
29406
29407
29409
29410
29412
29414
29418
29420
29424
29425
29426
29429
29431
29432
29434
29435
29436
29437
29438
29439
29440
29445
29446
29448
29449
29450
29451
29452
29453

Rep. Cases

Est. Cases

Total Cases

5
29
23
2
43
0
76
16
82
78
151
798
15
422
530
437
6
266
479
425
370
269
0
0
14
38
18
17
0
40
18
14
20
22
212
511
6
10
92
25
25
3
5

31
178
141
12
264
6
467
98
504
479
928
4,902
92
2,592
3,256
2,684
37
1,634
2,942
2,611
2,273
1,652
6
6
86
233
111
104
6
246
111
86
123
135
1,302
3,139
37
61
565
154
154
18
31

36
207
164
14
307
6
543
114
586
557
1,079
5,700
107
3,014
3,786
3,121
43
1,900
3,421
3,036
2,643
1,921
6
6
100
271
129
121
6
286
129
100
143
157
1,514
3,650
43
71
657
179
179
21
36

COVID-19 Confirmed Cases, by Zip Code
Zip

29455
29456
29458
29461
29464
29466
29468
29469
29470
29471
29472
29474
29475
29477
29479
29481
29482
29483
29485
29486
29487
29488
29492
29493
29501
29505
29506
29510
29511
29512
29516
29518
29519
29520
29525
29526
29527
29530
29532
29536
29540
29541
29543

Rep. Cases

Est. Cases

Total Cases

276
312
19
273
638
310
8
6
49
10
46
5
13
31
39
42
22
366
322
167
35
244
118
3
486
231
185
54
47
199
7
15
8
194
24
578
227
31
210
160
45
73
14

1,695
1,917
117
1,677
3,919
1,904
49
37
301
61
283
31
80
190
240
258
135
2,248
1,978
1,026
215
1,499
725
18
2,985
1,419
1,136
332
289
1,222
43
92
49
1,192
147
3,551
1,394
190
1,290
983
276
448
86

1,971
2,229
136
1,950
4,557
2,214
57
43
350
71
329
36
93
221
279
300
157
2,614
2,300
1,193
250
1,743
843
21
3,471
1,650
1,321
386
336
1,421
50
107
57
1,386
171
4,129
1,621
221
1,500
1,143
321
521
100

COVID-19 Confirmed Cases, by Zip Code
Zip

29544
29545
29546
29547
29550
29554
29555
29556
29560
29563
29564
29565
29566
29567
29568
29569
29570
29571
29572
29574
29575
29576
29577
29579
29580
29581
29582
29583
29584
29585
29588
29590
29591
29592
29593
29594
29596
29601
29605
29607
29609
29611
29615

Rep. Cases

Est. Cases

Total Cases

37
18
21
39
199
121
35
232
151
27
4
80
265
9
258
281
31
123
150
108
209
338
519
646
13
34
274
34
16
181
628
19
54
11
4
0
18
221
552
412
392
751
333

227
111
129
240
1,222
743
215
1,425
928
166
25
491
1,628
55
1,585
1,726
190
756
921
663
1,284
2,076
3,188
3,968
80
209
1,683
209
98
1,112
3,858
117
332
68
25
6
111
1,358
3,391
2,531
2,408
4,613
2,046

264
129
150
279
1,421
864
250
1,657
1,079
193
29
571
1,893
64
1,843
2,007
221
879
1,071
771
1,493
2,414
3,707
4,614
93
243
1,957
243
114
1,293
4,486
136
386
79
29
6
129
1,579
3,943
2,943
2,800
5,364
2,379

COVID-19 Confirmed Cases, by Zip Code
Zip

29617
29620
29621
29624
29625
29626
29627
29628
29630
29631
29634
29635
29638
29639
29640
29642
29643
29644
29645
29646
29649
29650
29651
29653
29654
29655
29657
29658
29661
29662
29664
29665
29666
29667
29669
29670
29671
29672
29673
29676
29678
29680
29681

Rep. Cases

Est. Cases

Total Cases

517
57
203
71
99
55
59
11
98
209
17
6
5
3
229
244
7
148
74
316
184
316
404
30
32
23
81
0
47
105
3
1
29
1
82
45
77
36
255
18
120
264
396

3,176
350
1,247
436
608
338
362
68
602
1,284
104
37
31
18
1,407
1,499
43
909
455
1,941
1,130
1,941
2,482
184
197
141
498
6
289
645
18
6
178
6
504
276
473
221
1,566
111
737
1,622
2,433

3,693
407
1,450
507
707
393
421
79
700
1,493
121
43
36
21
1,636
1,743
50
1,057
529
2,257
1,314
2,257
2,886
214
229
164
579
6
336
750
21
7
207
7
586
321
550
257
1,821
129
857
1,886
2,829

COVID-19 Confirmed Cases, by Zip Code
Zip

29682
29683
29684
29685
29686
29687
29689
29690
29691
29692
29693
29696
29697
29702
29704
29706
29707
29708
29709
29710
29712
29714
29715
29717
29718
29720
29726
29727
29728
29729
29730
29732
29741
29742
29743
29745
29801
29803
29805
29809
29810
29812
29817

Rep. Cases

Est. Cases

Total Cases

18
1
16
6
1
373
13
119
72
25
46
23
82
19
19
101
104
184
43
195
14
32
183
9
23
400
2
11
77
20
342
333
10
6
3
166
81
94
13
5
32
40
37

111
6
98
37
6
2,291
80
731
442
154
283
141
504
117
117
620
639
1,130
264
1,198
86
197
1,124
55
141
2,457
12
68
473
123
2,101
2,046
61
37
18
1,020
498
577
80
31
197
246
227

129
7
114
43
7
2,664
93
850
514
179
329
164
586
136
136
721
743
1,314
307
1,393
100
229
1,307
64
164
2,857
14
79
550
143
2,443
2,379
71
43
21
1,186
579
671
93
36
229
286
264

COVID-19 Confirmed Cases, by Zip Code
Zip

29819
29821
29824
29827
29828
29829
29831
29832
29835
29836
29838
29840
29841
29842
29843
29845
29847
29848
29849
29851
29853
29856
29860
29902
29904
29906
29907
29909
29910
29911
29912
29915
29916
29918
29920
29921
29922
29923
29924
29926
29927
29928
29929

Rep. Cases

Est. Cases

Total Cases

4
1
21
24
0
32
7
32
18
0
1
1
133
23
3
0
20
4
2
18
20
7
49
274
6
142
70
76
397
4
1
1
2
13
56
0
3
5
28
220
99
103
5

25
6
129
147
6
197
43
197
111
6
6
6
817
141
18
6
123
25
12
111
123
43
301
1,683
37
872
430
467
2,439
25
6
6
12
80
344
6
18
31
172
1,351
608
633
31

29
7
150
171
6
229
50
229
129
6
7
7
950
164
21
6
143
29
14
129
143
50
350
1,957
43
1,014
500
543
2,836
29
7
7
14
93
400
6
21
36
200
1,571
707
736
36

COVID-19 Confirmed Cases, by Zip Code
Zip

29932
29934
29935
29936
29940
29941
29943
29944
29945

Rep. Cases

Est. Cases

Total Cases

1
5
23
71
16
1
3
18
29

6
31
141
436
98
6
18
111
178

7
36
164
507
114
7
21
129
207

