COVID-19 Cases, by Zip Code
Reported Cases
0 Cases
1 - 5 Cases
6 - 20 Cases
21 - 40 Cases
> 40 Cases

© OpenStreetMap

COVID-19 Cases by Zip Code
Zip

29001
29003
29006
29009
29010
29014
29015
29016
29018
29020
29030
29031
29032
29033
29036
29037
29038
29039
29040
29042
29044
29045
29047
29048
29051
29052
29053
29054
29055
29056
29058
29059
29061
29063
29065
29067
29069
29070
29072
29073
29074
29075
29078

Rep. Cases

Est. Cases

Total Cases

10
6
18
6
63
2
2
49
1
129
1
0
3
11
44
1
4
4
17
7
12
70
3
10
4
5
36
12
5
2
4
7
29
48
1
11
11
20
85
49
0
3
50

61
37
111
37
387
12
6
301
6
792
6
6
18
68
270
6
25
25
104
43
74
430
18
61
25
31
221
74
31
12
25
43
178
295
6
68
68
123
522
301
6
18
307

71
43
129
43
450
14
8
350
7
921
7
6
21
79
314
7
29
29
121
50
86
500
21
71
29
36
257
86
36
14
29
50
207
343
7
79
79
143
607
350
6
21
357

COVID-19 Cases by Zip Code
Zip

29080
29081
29082
29101
29102
29104
29105
29107
29108
29111
29112
29113
29114
29115
29118
29122
29123
29125
29126
29127
29128
29129
29130
29133
29135
29137
29138
29142
29145
29146
29148
29150
29152
29153
29154
29160
29161
29162
29163
29164
29166
29168
29169

Rep. Cases

Est. Cases

Total Cases

16
0
0
7
169
3
2
3
10
2
16
0
7
25
12
0
5
12
1
10
27
6
23
1
6
9
74
4
1
2
57
86
3
42
78
13
23
10
5
4
0
5
34

98
6
6
43
1,038
18
12
18
61
12
98
6
43
154
74
6
31
74
6
61
166
37
141
6
37
55
455
25
6
12
350
528
18
258
479
80
141
61
31
25
6
31
209

114
6
6
50
1,207
21
14
21
71
14
114
6
50
179
86
6
36
86
7
71
193
43
164
7
43
64
529
29
7
14
407
614
21
300
557
93
164
71
36
29
6
36
243

COVID-19 Cases by Zip Code
Zip

29170
29172
29175
29178
29180
29201
29203
29204
29205
29206
29207
29208
29209
29210
29212
29223
29229
29301
29302
29303
29306
29307
29316
29321
29322
29323
29325
29330
29332
29333
29334
29335
29340
29341
29346
29349
29351
29353
29355
29356
29360
29365
29369

Rep. Cases

Est. Cases

Total Cases

28
21
1
4
21
28
105
50
25
28
60
2
69
100
41
196
154
26
14
17
29
15
31
1
6
18
12
4
1
0
19
5
12
6
0
31
0
1
1
3
13
22
13

172
129
6
25
129
172
645
307
154
172
369
12
424
614
252
1,204
946
160
86
104
178
92
190
6
37
111
74
25
6
6
117
31
74
37
6
190
6
6
6
18
80
135
80

200
150
7
29
150
200
750
357
179
200
429
14
493
714
293
1,400
1,100
186
100
121
207
107
221
7
43
129
86
29
7
6
136
36
86
43
6
221
6
7
7
21
93
157
93

COVID-19 Cases by Zip Code
Zip

29370
29372
29374
29375
29376
29377
29379
29384
29385
29388
29401
29403
29404
29405
29406
29407
29409
29410
29412
29414
29418
29420
29424
29425
29426
29429
29431
29432
29434
29435
29436
29437
29438
29439
29440
29445
29446
29448
29449
29450
29451
29452
29453

Rep. Cases

Est. Cases

Total Cases

2
9
4
1
15
0
25
1
22
13
12
28
2
34
27
38
0
45
41
37
27
28
0
13
0
6
0
1
0
3
2
1
1
2
25
35
1
2
8
1
9
0
1

12
55
25
6
92
6
154
6
135
80
74
172
12
209
166
233
6
276
252
227
166
172
6
80
6
37
6
6
6
18
12
6
6
12
154
215
6
12
49
6
55
6
6

14
64
29
7
107
6
179
7
157
93
86
200
14
243
193
271
6
321
293
264
193
200
6
93
6
43
6
7
6
21
14
7
7
14
179
250
7
14
57
7
64
6
7

COVID-19 Cases by Zip Code
Zip

29455
29456
29458
29461
29464
29466
29468
29469
29470
29471
29472
29474
29475
29477
29479
29481
29482
29483
29485
29486
29487
29488
29492
29493
29501
29505
29506
29510
29511
29512
29516
29518
29519
29520
29525
29526
29527
29530
29532
29536
29540
29541
29543

Rep. Cases

Est. Cases

Total Cases

16
23
3
67
68
44
3
0
5
2
3
0
3
5
9
0
8
29
36
12
4
20
11
0
120
47
68
8
5
44
5
3
0
26
5
23
31
10
49
48
15
21
0

98
141
18
412
418
270
18
6
31
12
18
6
18
31
55
6
49
178
221
74
25
123
68
6
737
289
418
49
31
270
31
18
6
160
31
141
190
61
301
295
92
129
6

114
164
21
479
486
314
21
6
36
14
21
6
21
36
64
6
57
207
257
86
29
143
79
6
857
336
486
57
36
314
36
21
6
186
36
164
221
71
350
343
107
150
6

COVID-19 Cases by Zip Code
Zip

29544
29545
29546
29547
29550
29554
29555
29556
29560
29563
29564
29565
29566
29567
29568
29569
29570
29571
29572
29574
29575
29576
29577
29579
29580
29581
29582
29583
29584
29585
29588
29590
29591
29592
29593
29594
29596
29601
29605
29607
29609
29611
29615

Rep. Cases

Est. Cases

Total Cases

5
1
5
7
80
28
9
72
36
10
1
9
11
3
13
24
1
23
6
15
12
24
24
21
4
6
5
13
2
12
34
6
17
0
1
0
1
28
78
50
60
75
46

31
6
31
43
491
172
55
442
221
61
6
55
68
18
80
147
6
141
37
92
74
147
147
129
25
37
31
80
12
74
209
37
104
6
6
6
6
172
479
307
369
461
283

36
7
36
50
571
200
64
514
257
71
7
64
79
21
93
171
7
164
43
107
86
171
171
150
29
43
36
93
14
86
243
43
121
6
7
6
7
200
557
357
429
536
329

COVID-19 Cases by Zip Code
Zip

29617
29620
29621
29624
29625
29626
29627
29628
29630
29631
29634
29635
29638
29639
29640
29642
29643
29644
29645
29646
29649
29650
29651
29653
29654
29655
29657
29658
29661
29662
29664
29665
29666
29667
29669
29670
29671
29672
29673
29676
29678
29680
29681

Rep. Cases

Est. Cases

Total Cases

30
24
43
19
25
8
13
4
1
5
0
1
2
1
18
27
0
23
11
24
21
39
68
0
8
12
9
0
4
22
0
0
6
0
17
4
3
6
39
6
12
50
59

184
147
264
117
154
49
80
25
6
31
6
6
12
6
111
166
6
141
68
147
129
240
418
6
49
74
55
6
25
135
6
6
37
6
104
25
18
37
240
37
74
307
362

214
171
307
136
179
57
93
29
7
36
6
7
14
7
129
193
6
164
79
171
150
279
486
6
57
86
64
6
29
157
6
6
43
6
121
29
21
43
279
43
86
357
421

COVID-19 Cases by Zip Code
Zip

29682
29683
29684
29685
29686
29687
29689
29690
29691
29692
29693
29696
29697
29702
29704
29706
29707
29708
29709
29710
29712
29714
29715
29717
29718
29720
29726
29727
29728
29729
29730
29732
29741
29742
29743
29745
29801
29803
29805
29809
29810
29812
29817

Rep. Cases

Est. Cases

Total Cases

3
0
5
0
0
54
2
15
2
6
6
0
9
2
2
16
21
23
9
35
1
9
34
2
6
73
0
0
14
3
47
65
4
1
1
12
18
20
2
0
10
14
9

18
6
31
0
6
332
12
92
12
37
37
6
55
12
12
98
129
141
55
215
6
55
209
12
37
448
6
6
86
18
289
399
25
6
6
74
111
123
12
6
61
86
55

21
6
36
0
6
386
14
107
14
43
43
6
64
14
14
114
150
164
64
250
7
64
243
14
43
521
6
6
100
21
336
464
29
7
7
86
129
143
14
6
71
100
64

COVID-19 Cases by Zip Code
Zip

29819
29821
29824
29827
29828
29829
29831
29832
29835
29836
29838
29840
29841
29842
29843
29845
29847
29848
29849
29851
29853
29856
29860
29902
29904
29906
29907
29909
29910
29911
29912
29915
29916
29918
29920
29921
29922
29923
29924
29926
29927
29928
29929

Rep. Cases

Est. Cases

Total Cases

0
0
6
7
0
5
2
18
7
0
0
0
32
3
0
0
5
0
0
2
6
2
14
84
0
41
22
14
48
1
1
1
0
8
10
0
1
0
10
17
5
11
4

6
6
37
43
6
31
12
111
43
6
6
6
197
18
6
6
31
6
6
12
37
12
86
516
6
252
135
86
295
6
6
6
6
49
61
6
6
6
61
104
31
68
25

6
6
43
50
6
36
14
129
50
6
6
6
229
21
6
6
36
6
6
14
43
14
100
600
6
293
157
100
343
7
7
7
6
57
71
6
7
6
71
121
36
79
29

COVID-19 Cases by Zip Code
Zip

29932
29934
29935
29936
29940
29941
29943
29944
29945

Rep. Cases

Est. Cases

Total Cases

1
1
9
14
2
1
0
5
4

6
6
55
86
12
6
6
31
25

7
7
64
100
14
7
6
36
29

