COVID-19 Confirmed Cases, by Zip Code
Reported Cases
0 Cases
1 - 10 Cases
11 - 24 Cases
25-49 Cases
50-100 Cases
>100 Cases

© OpenStreetMap

COVID-19 Confirmed Cases, by Zip Code
Zip

29001
29003
29006
29009
29010
29014
29015
29016
29018
29020
29030
29031
29032
29033
29036
29037
29038
29039
29040
29042
29044
29045
29047
29048
29051
29052
29053
29054
29055
29056
29058
29059
29061
29063
29065
29067
29069
29070
29072
29073
29074
29075
29078

Rep. Cases

Est. Cases

Total Cases

15
26
36
12
209
13
17
106
8
190
16
2
20
50
92
2
8
14
42
24
22
183
44
17
11
7
112
33
42
9
10
21
57
129
3
24
21
50
260
161
0
10
88

92
160
221
74
1,284
80
104
651
49
1,167
98
12
123
307
565
12
49
86
258
147
135
1,124
270
104
68
43
688
203
258
55
61
129
350
792
18
147
129
307
1,597
989
6
61
541

107
186
257
86
1,493
93
121
757
57
1,357
114
14
143
357
657
14
57
100
300
171
157
1,307
314
121
79
50
800
236
300
64
71
150
407
921
21
171
150
357
1,857
1,150
6
71
629

COVID-19 Confirmed Cases, by Zip Code
Zip

29080
29081
29082
29101
29102
29104
29105
29107
29108
29111
29112
29113
29114
29115
29118
29122
29123
29125
29126
29127
29128
29129
29130
29133
29135
29137
29138
29142
29145
29146
29148
29150
29152
29153
29154
29160
29161
29162
29163
29164
29166
29168
29169

Rep. Cases

Est. Cases

Total Cases

29
0
5
13
222
8
3
11
65
5
34
1
13
167
53
0
17
21
4
23
65
11
124
3
30
13
159
25
1
3
77
248
3
97
174
31
51
18
16
18
0
18
188

178
6
31
80
1,364
49
18
68
399
31
209
6
80
1,026
326
6
104
129
25
141
399
68
762
18
184
80
977
154
6
18
473
1,523
18
596
1,069
190
313
111
98
111
6
111
1,155

207
6
36
93
1,586
57
21
79
464
36
243
7
93
1,193
379
6
121
150
29
164
464
79
886
21
214
93
1,136
179
7
21
550
1,771
21
693
1,243
221
364
129
114
129
6
129
1,343

COVID-19 Confirmed Cases, by Zip Code
Zip

29170
29172
29175
29178
29180
29201
29203
29204
29205
29206
29207
29208
29209
29210
29212
29223
29229
29301
29302
29303
29306
29307
29316
29321
29322
29323
29325
29330
29332
29333
29334
29335
29340
29341
29346
29349
29351
29353
29355
29356
29360
29365
29369

Rep. Cases

Est. Cases

Total Cases

125
49
1
6
85
250
206
108
141
104
194
3
146
194
90
404
288
121
57
127
59
51
80
3
18
38
81
24
2
1
65
8
31
52
0
150
3
6
6
21
54
45
35

768
301
6
37
522
1,536
1,265
663
866
639
1,192
18
897
1,192
553
2,482
1,769
743
350
780
362
313
491
18
111
233
498
147
12
6
399
49
190
319
6
921
18
37
37
129
332
276
215

893
350
7
43
607
1,786
1,471
771
1,007
743
1,386
21
1,043
1,386
643
2,886
2,057
864
407
907
421
364
571
21
129
271
579
171
14
7
464
57
221
371
6
1,071
21
43
43
150
386
321
250

COVID-19 Confirmed Cases, by Zip Code
Zip

29370
29372
29374
29375
29376
29377
29379
29384
29385
29388
29401
29403
29404
29405
29406
29407
29409
29410
29412
29414
29418
29420
29424
29425
29426
29429
29431
29432
29434
29435
29436
29437
29438
29439
29440
29445
29446
29448
29449
29450
29451
29452
29453

Rep. Cases

Est. Cases

Total Cases

3
15
13
1
27
0
40
4
68
41
44
130
5
78
159
104
2
102
87
104
96
87
0
68
4
13
3
7
0
16
6
1
1
4
82
124
3
3
23
5
9
2
2

18
92
80
6
166
6
246
25
418
252
270
799
31
479
977
639
12
627
534
639
590
534
6
418
25
80
18
43
6
98
37
6
6
25
504
762
18
18
141
31
55
12
12

21
107
93
7
193
6
286
29
486
293
314
929
36
557
1,136
743
14
729
621
743
686
621
6
486
29
93
21
50
6
114
43
7
7
29
586
886
21
21
164
36
64
14
14

COVID-19 Confirmed Cases, by Zip Code
Zip

29455
29456
29458
29461
29464
29466
29468
29469
29470
29471
29472
29474
29475
29477
29479
29481
29482
29483
29485
29486
29487
29488
29492
29493
29501
29505
29506
29510
29511
29512
29516
29518
29519
29520
29525
29526
29527
29530
29532
29536
29540
29541
29543

Rep. Cases

Est. Cases

Total Cases

65
93
10
99
136
103
2
1
12
5
7
2
7
12
20
21
9
109
96
54
5
147
22
2
296
137
127
19
22
155
6
13
0
163
18
189
103
19
178
116
35
45
9

399
571
61
608
835
633
12
6
74
31
43
12
43
74
123
129
55
670
590
332
31
903
135
12
1,818
842
780
117
135
952
37
80
6
1,001
111
1,161
633
117
1,093
713
215
276
55

464
664
71
707
971
736
14
7
86
36
50
14
50
86
143
150
64
779
686
386
36
1,050
157
14
2,114
979
907
136
157
1,107
43
93
6
1,164
129
1,350
736
136
1,271
829
250
321
64

COVID-19 Confirmed Cases, by Zip Code
Zip

29544
29545
29546
29547
29550
29554
29555
29556
29560
29563
29564
29565
29566
29567
29568
29569
29570
29571
29572
29574
29575
29576
29577
29579
29580
29581
29582
29583
29584
29585
29588
29590
29591
29592
29593
29594
29596
29601
29605
29607
29609
29611
29615

Rep. Cases

Est. Cases

Total Cases

11
12
9
21
129
70
21
185
94
16
4
44
95
6
151
173
22
54
54
50
60
85
154
209
11
25
91
27
13
74
150
13
44
8
3
0
13
112
356
179
240
517
149

68
74
55
129
792
430
129
1,136
577
98
25
270
584
37
928
1,063
135
332
332
307
369
522
946
1,284
68
154
559
166
80
455
921
80
270
49
18
6
80
688
2,187
1,100
1,474
3,176
915

79
86
64
150
921
500
150
1,321
671
114
29
314
679
43
1,079
1,236
157
386
386
357
429
607
1,100
1,493
79
179
650
193
93
529
1,071
93
314
57
21
6
93
800
2,543
1,279
1,714
3,693
1,064

COVID-19 Confirmed Cases, by Zip Code
Zip

29617
29620
29621
29624
29625
29626
29627
29628
29630
29631
29634
29635
29638
29639
29640
29642
29643
29644
29645
29646
29649
29650
29651
29653
29654
29655
29657
29658
29661
29662
29664
29665
29666
29667
29669
29670
29671
29672
29673
29676
29678
29680
29681

Rep. Cases

Est. Cases

Total Cases

337
48
85
37
52
20
30
6
14
23
1
4
2
2
124
125
1
69
32
169
107
159
229
16
19
17
34
0
25
51
0
0
20
0
49
11
44
10
146
7
32
116
166

2,070
295
522
227
319
123
184
37
86
141
6
25
12
12
762
768
6
424
197
1,038
657
977
1,407
98
117
104
209
6
154
313
6
6
123
6
301
68
270
61
897
43
197
713
1,020

2,407
343
607
264
371
143
214
43
100
164
7
29
14
14
886
893
7
493
229
1,207
764
1,136
1,636
114
136
121
243
6
179
364
6
6
143
6
350
79
314
71
1,043
50
229
829
1,186

COVID-19 Confirmed Cases, by Zip Code
Zip

29682
29683
29684
29685
29686
29687
29689
29690
29691
29692
29693
29696
29697
29702
29704
29706
29707
29708
29709
29710
29712
29714
29715
29717
29718
29720
29726
29727
29728
29729
29730
29732
29741
29742
29743
29745
29801
29803
29805
29809
29810
29812
29817

Rep. Cases

Est. Cases

Total Cases

8
1
6
2
0
214
4
64
26
11
17
6
39
9
7
46
57
71
38
101
7
14
89
5
19
207
1
6
41
8
171
190
6
4
2
70
36
45
3
3
17
22
26

49
6
37
12
6
1,315
25
393
160
68
104
37
240
55
43
283
350
436
233
620
43
86
547
31
117
1,272
6
37
252
49
1,050
1,167
37
25
12
430
221
276
18
18
104
135
160

57
7
43
14
6
1,529
29
457
186
79
121
43
279
64
50
329
407
507
271
721
50
100
636
36
136
1,479
7
43
293
57
1,221
1,357
43
29
14
500
257
321
21
21
121
157
186

COVID-19 Confirmed Cases, by Zip Code
Zip

29819
29821
29824
29827
29828
29829
29831
29832
29835
29836
29838
29840
29841
29842
29843
29845
29847
29848
29849
29851
29853
29856
29860
29902
29904
29906
29907
29909
29910
29911
29912
29915
29916
29918
29920
29921
29922
29923
29924
29926
29927
29928
29929

Rep. Cases

Est. Cases

Total Cases

2
0
12
17
0
21
5
26
10
0
1
0
71
9
0
0
9
3
2
10
10
2
24
142
1
80
36
34
178
2
1
1
2
10
33
0
3
1
13
108
34
41
4

12
6
74
104
6
129
31
160
61
6
6
6
436
55
6
6
55
18
12
61
61
12
147
872
6
491
221
209
1,093
12
6
6
12
61
203
6
18
6
80
663
209
252
25

14
6
86
121
6
150
36
186
71
6
7
6
507
64
6
6
64
21
14
71
71
14
171
1,014
7
571
257
243
1,271
14
7
7
14
71
236
6
21
7
93
771
243
293
29

COVID-19 Confirmed Cases, by Zip Code
Zip

29932
29934
29935
29936
29940
29941
29943
29944
29945

Rep. Cases

Est. Cases

Total Cases

1
3
11
27
4
1
1
10
20

6
18
68
166
25
6
6
61
123

7
21
79
193
29
7
7
71
143

