COVID-19 Confirmed Cases, by Zip Code
Reported Cases
0 Cases
1 - 10 Cases
11 - 24 Cases
25-49 Cases
50-100 Cases
>100 Cases

© OpenStreetMap

COVID-19 Confirmed Cases, by Zip Code
Zip

29001
29003
29006
29009
29010
29014
29015
29016
29018
29020
29030
29031
29032
29033
29036
29037
29038
29039
29040
29042
29044
29045
29047
29048
29051
29052
29053
29054
29055
29056
29058
29059
29061
29063
29065
29067
29069
29070
29072
29073
29074
29075
29078

Rep. Cases

Est. Cases

Total Cases

19
85
82
17
250
16
26
163
28
307
34
2
31
119
188
4
16
29
82
47
41
272
64
29
14
19
201
78
48
18
17
52
111
250
6
53
34
116
467
329
1
27
159

117
522
504
104
1,536
98
160
1,001
172
1,886
209
12
190
731
1,155
25
98
178
504
289
252
1,671
393
178
86
117
1,235
479
295
111
104
319
682
1,536
37
326
209
713
2,869
2,021
6
166
977

136
607
586
121
1,786
114
186
1,164
200
2,193
243
14
221
850
1,343
29
114
207
586
336
293
1,943
457
207
100
136
1,436
557
343
129
121
371
793
1,786
43
379
243
829
3,336
2,350
7
193
1,136

COVID-19 Confirmed Cases, by Zip Code
Zip

29080
29081
29082
29101
29102
29104
29105
29107
29108
29111
29112
29113
29114
29115
29118
29122
29123
29125
29126
29127
29128
29129
29130
29133
29135
29137
29138
29142
29145
29146
29148
29150
29152
29153
29154
29160
29161
29162
29163
29164
29166
29168
29169

Rep. Cases

Est. Cases

Total Cases

39
10
8
18
270
13
14
22
182
8
65
4
16
371
131
0
41
37
13
58
105
14
135
11
68
17
213
63
2
6
92
439
4
169
296
57
92
40
25
30
1
30
283

240
61
49
111
1,659
80
86
135
1,118
49
399
25
98
2,279
805
6
252
227
80
356
645
86
829
68
418
104
1,308
387
12
37
565
2,697
25
1,038
1,818
350
565
246
154
184
6
184
1,738

279
71
57
129
1,929
93
100
157
1,300
57
464
29
114
2,650
936
6
293
264
93
414
750
100
964
79
486
121
1,521
450
14
43
657
3,136
29
1,207
2,114
407
657
286
179
214
7
214
2,021

COVID-19 Confirmed Cases, by Zip Code
Zip

29170
29172
29175
29178
29180
29201
29203
29204
29205
29206
29207
29208
29209
29210
29212
29223
29229
29301
29302
29303
29306
29307
29316
29321
29322
29323
29325
29330
29332
29333
29334
29335
29340
29341
29346
29349
29351
29353
29355
29356
29360
29365
29369

Rep. Cases

Est. Cases

Total Cases

203
72
1
18
138
361
370
176
251
179
329
8
269
398
165
617
420
208
116
166
101
91
158
12
37
87
256
40
14
3
110
28
55
96
2
228
8
12
9
41
185
86
75

1,247
442
6
111
848
2,218
2,273
1,081
1,542
1,100
2,021
49
1,652
2,445
1,014
3,790
2,580
1,278
713
1,020
620
559
971
74
227
534
1,573
246
86
18
676
172
338
590
12
1,401
49
74
55
252
1,136
528
461

1,450
514
7
129
986
2,579
2,643
1,257
1,793
1,279
2,350
57
1,921
2,843
1,179
4,407
3,000
1,486
829
1,186
721
650
1,129
86
264
621
1,829
286
100
21
786
200
393
686
14
1,629
57
86
64
293
1,321
614
536

COVID-19 Confirmed Cases, by Zip Code
Zip

29370
29372
29374
29375
29376
29377
29379
29384
29385
29388
29401
29403
29404
29405
29406
29407
29409
29410
29412
29414
29418
29420
29424
29425
29426
29429
29431
29432
29434
29435
29436
29437
29438
29439
29440
29445
29446
29448
29449
29450
29451
29452
29453

Rep. Cases

Est. Cases

Total Cases

7
29
25
2
44
0
88
16
85
82
154
835
16
457
555
459
6
275
512
460
400
291
0
0
15
40
19
17
0
38
18
21
22
22
218
549
6
10
103
26
26
3
6

43
178
154
12
270
6
541
98
522
504
946
5,129
98
2,807
3,409
2,820
37
1,689
3,145
2,826
2,457
1,788
6
6
92
246
117
104
6
233
111
129
135
135
1,339
3,372
37
61
633
160
160
18
37

50
207
179
14
314
6
629
114
607
586
1,100
5,964
114
3,264
3,964
3,279
43
1,964
3,657
3,286
2,857
2,079
6
6
107
286
136
121
6
271
129
150
157
157
1,557
3,921
43
71
736
186
186
21
43

COVID-19 Confirmed Cases, by Zip Code
Zip

29455
29456
29458
29461
29464
29466
29468
29469
29470
29471
29472
29474
29475
29477
29479
29481
29482
29483
29485
29486
29487
29488
29492
29493
29501
29505
29506
29510
29511
29512
29516
29518
29519
29520
29525
29526
29527
29530
29532
29536
29540
29541
29543

Rep. Cases

Est. Cases

Total Cases

292
334
19
295
676
319
8
7
51
13
47
5
13
33
43
42
22
391
345
197
36
252
123
3
494
238
187
56
48
199
7
15
8
195
25
592
237
31
212
166
45
78
14

1,794
2,052
117
1,812
4,153
1,960
49
43
313
80
289
31
80
203
264
258
135
2,402
2,119
1,210
221
1,548
756
18
3,035
1,462
1,149
344
295
1,222
43
92
49
1,198
154
3,637
1,456
190
1,302
1,020
276
479
86

2,086
2,386
136
2,107
4,829
2,279
57
50
364
93
336
36
93
236
307
300
157
2,793
2,464
1,407
257
1,800
879
21
3,529
1,700
1,336
400
343
1,421
50
107
57
1,393
179
4,229
1,693
221
1,514
1,186
321
557
100

COVID-19 Confirmed Cases, by Zip Code
Zip

29544
29545
29546
29547
29550
29554
29555
29556
29560
29563
29564
29565
29566
29567
29568
29569
29570
29571
29572
29574
29575
29576
29577
29579
29580
29581
29582
29583
29584
29585
29588
29590
29591
29592
29593
29594
29596
29601
29605
29607
29609
29611
29615

Rep. Cases

Est. Cases

Total Cases

38
19
21
40
202
124
35
235
153
27
4
81
280
9
262
289
31
127
153
109
218
355
556
676
13
36
284
35
18
182
701
20
56
11
4
0
20
231
567
419
402
766
346

233
117
129
246
1,241
762
215
1,444
940
166
25
498
1,720
55
1,609
1,775
190
780
940
670
1,339
2,181
3,415
4,153
80
221
1,745
215
111
1,118
4,306
123
344
68
25
6
123
1,419
3,483
2,574
2,469
4,705
2,125

271
136
150
286
1,443
886
250
1,679
1,093
193
29
579
2,000
64
1,871
2,064
221
907
1,093
779
1,557
2,536
3,971
4,829
93
257
2,029
250
129
1,300
5,007
143
400
79
29
6
143
1,650
4,050
2,993
2,871
5,471
2,471

COVID-19 Confirmed Cases, by Zip Code
Zip

29617
29620
29621
29624
29625
29626
29627
29628
29630
29631
29634
29635
29638
29639
29640
29642
29643
29644
29645
29646
29649
29650
29651
29653
29654
29655
29657
29658
29661
29662
29664
29665
29666
29667
29669
29670
29671
29672
29673
29676
29678
29680
29681

Rep. Cases

Est. Cases

Total Cases

528
60
209
71
105
57
61
12
101
211
17
6
5
3
235
251
7
152
75
341
194
322
411
30
33
23
83
0
49
112
3
1
29
2
84
47
77
37
267
18
122
271
407

3,243
369
1,284
436
645
350
375
74
620
1,296
104
37
31
18
1,444
1,542
43
934
461
2,095
1,192
1,978
2,525
184
203
141
510
6
301
688
18
6
178
12
516
289
473
227
1,640
111
749
1,665
2,500

3,771
429
1,493
507
750
407
436
86
721
1,507
121
43
36
21
1,679
1,793
50
1,086
536
2,436
1,386
2,300
2,936
214
236
164
593
6
350
800
21
7
207
14
600
336
550
264
1,907
129
871
1,936
2,907

COVID-19 Confirmed Cases, by Zip Code
Zip

29682
29683
29684
29685
29686
29687
29689
29690
29691
29692
29693
29696
29697
29702
29704
29706
29707
29708
29709
29710
29712
29714
29715
29717
29718
29720
29726
29727
29728
29729
29730
29732
29741
29742
29743
29745
29801
29803
29805
29809
29810
29812
29817

Rep. Cases

Est. Cases

Total Cases

18
1
16
6
1
388
14
120
73
27
46
23
83
19
20
105
105
188
46
198
14
32
197
9
24
414
2
11
77
21
356
343
10
7
4
179
84
96
13
5
33
42
38

111
6
98
37
6
2,383
86
737
448
166
283
141
510
117
123
645
645
1,155
283
1,216
86
197
1,210
55
147
2,543
12
68
473
129
2,187
2,107
61
43
25
1,100
516
590
80
31
203
258
233

129
7
114
43
7
2,771
100
857
521
193
329
164
593
136
143
750
750
1,343
329
1,414
100
229
1,407
64
171
2,957
14
79
550
150
2,543
2,450
71
50
29
1,279
600
686
93
36
236
300
271

COVID-19 Confirmed Cases, by Zip Code
Zip

29819
29821
29824
29827
29828
29829
29831
29832
29835
29836
29838
29840
29841
29842
29843
29845
29847
29848
29849
29851
29853
29856
29860
29902
29904
29906
29907
29909
29910
29911
29912
29915
29916
29918
29920
29921
29922
29923
29924
29926
29927
29928
29929

Rep. Cases

Est. Cases

Total Cases

6
1
22
26
0
33
7
32
22
0
1
2
134
23
3
0
20
4
2
18
21
7
49
298
6
148
72
81
402
4
1
1
2
14
56
0
3
5
28
221
104
107
5

37
6
135
160
6
203
43
197
135
6
6
12
823
141
18
6
123
25
12
111
129
43
301
1,831
37
909
442
498
2,469
25
6
6
12
86
344
6
18
31
172
1,358
639
657
31

43
7
157
186
6
236
50
229
157
6
7
14
957
164
21
6
143
29
14
129
150
50
350
2,129
43
1,057
514
579
2,871
29
7
7
14
100
400
6
21
36
200
1,579
743
764
36

COVID-19 Confirmed Cases, by Zip Code
Zip

29932
29934
29935
29936
29940
29941
29943
29944
29945

Rep. Cases

Est. Cases

Total Cases

1
5
25
75
17
1
3
18
29

6
31
154
461
104
6
18
111
178

7
36
179
536
121
7
21
129
207

