COVID-19 Confirmed Cases, by Zip Code
Reported Cases
0 Cases
1 - 10 Cases
11 - 24 Cases
25-49 Cases
50-100 Cases
>100 Cases

© OpenStreetMap

COVID-19 Confirmed Cases, by Zip Code
Zip

29001
29003
29006
29009
29010
29014
29015
29016
29018
29020
29030
29031
29032
29033
29036
29037
29038
29039
29040
29042
29044
29045
29047
29048
29051
29052
29053
29054
29055
29056
29058
29059
29061
29063
29065
29067
29069
29070
29072
29073
29074
29075
29078

Rep. Cases

Est. Cases

Total Cases

18
37
46
12
216
14
21
121
16
229
23
2
23
72
113
2
11
16
55
32
25
213
53
18
12
11
125
37
46
12
12
26
66
158
3
35
24
58
328
220
0
17
111

111
227
283
74
1,327
86
129
743
98
1,407
141
12
141
442
694
12
68
98
338
197
154
1,308
326
111
74
68
768
227
283
74
74
160
405
971
18
215
147
356
2,015
1,351
6
104
682

129
264
329
86
1,543
100
150
864
114
1,636
164
14
164
514
807
14
79
114
393
229
179
1,521
379
129
86
79
893
264
329
86
86
186
471
1,129
21
250
171
414
2,343
1,571
6
121
793

COVID-19 Confirmed Cases, by Zip Code
Zip

29080
29081
29082
29101
29102
29104
29105
29107
29108
29111
29112
29113
29114
29115
29118
29122
29123
29125
29126
29127
29128
29129
29130
29133
29135
29137
29138
29142
29145
29146
29148
29150
29152
29153
29154
29160
29161
29162
29163
29164
29166
29168
29169

Rep. Cases

Est. Cases

Total Cases

33
4
5
14
231
9
5
14
100
6
41
1
13
220
76
0
21
26
10
29
81
11
127
5
49
14
175
34
1
4
84
307
3
123
225
40
63
24
21
19
0
20
220

203
25
31
86
1,419
55
31
86
614
37
252
6
80
1,351
467
6
129
160
61
178
498
68
780
31
301
86
1,075
209
6
25
516
1,886
18
756
1,382
246
387
147
129
117
6
123
1,351

236
29
36
100
1,650
64
36
100
714
43
293
7
93
1,571
543
6
150
186
71
207
579
79
907
36
350
100
1,250
243
7
29
600
2,193
21
879
1,607
286
450
171
150
136
6
143
1,571

COVID-19 Confirmed Cases, by Zip Code
Zip

29170
29172
29175
29178
29180
29201
29203
29204
29205
29206
29207
29208
29209
29210
29212
29223
29229
29301
29302
29303
29306
29307
29316
29321
29322
29323
29325
29330
29332
29333
29334
29335
29340
29341
29346
29349
29351
29353
29355
29356
29360
29365
29369

Rep. Cases

Est. Cases

Total Cases

149
52
1
8
105
285
241
132
174
122
213
4
181
236
116
463
316
145
72
132
62
60
97
4
24
54
119
30
4
1
78
10
37
65
1
171
4
8
7
28
83
53
47

915
319
6
49
645
1,751
1,480
811
1,069
749
1,308
25
1,112
1,450
713
2,844
1,941
891
442
811
381
369
596
25
147
332
731
184
25
6
479
61
227
399
6
1,050
25
49
43
172
510
326
289

1,064
371
7
57
750
2,036
1,721
943
1,243
871
1,521
29
1,293
1,686
829
3,307
2,257
1,036
514
943
443
429
693
29
171
386
850
214
29
7
557
71
264
464
7
1,221
29
57
50
200
593
379
336

COVID-19 Confirmed Cases, by Zip Code
Zip

29370
29372
29374
29375
29376
29377
29379
29384
29385
29388
29401
29403
29404
29405
29406
29407
29409
29410
29412
29414
29418
29420
29424
29425
29426
29429
29431
29432
29434
29435
29436
29437
29438
29439
29440
29445
29446
29448
29449
29450
29451
29452
29453

Rep. Cases

Est. Cases

Total Cases

4
19
17
1
30
0
52
9
72
53
87
389
7
132
240
181
1
147
187
150
153
125
0
0
7
24
4
12
0
16
8
5
5
10
125
235
3
5
39
6
18
3
2

25
117
104
6
184
6
319
55
442
326
534
2,390
43
811
1,474
1,112
6
903
1,149
921
940
768
6
6
43
147
25
74
6
98
49
31
31
61
768
1,444
18
31
240
37
111
18
12

29
136
121
7
214
6
371
64
514
379
621
2,779
50
943
1,714
1,293
7
1,050
1,336
1,071
1,093
893
6
6
50
171
29
86
6
114
57
36
36
71
893
1,679
21
36
279
43
129
21
14

COVID-19 Confirmed Cases, by Zip Code
Zip

29455
29456
29458
29461
29464
29466
29468
29469
29470
29471
29472
29474
29475
29477
29479
29481
29482
29483
29485
29486
29487
29488
29492
29493
29501
29505
29506
29510
29511
29512
29516
29518
29519
29520
29525
29526
29527
29530
29532
29536
29540
29541
29543

Rep. Cases

Est. Cases

Total Cases

112
136
14
137
275
160
3
4
19
5
10
2
10
16
24
23
14
159
141
85
7
182
52
2
349
164
146
33
30
181
7
13
5
170
22
290
134
22
184
122
39
53
9

688
835
86
842
1,689
983
18
25
117
31
61
12
61
98
147
141
86
977
866
522
43
1,118
319
12
2,144
1,007
897
203
184
1,112
43
80
31
1,044
135
1,781
823
135
1,130
749
240
326
55

800
971
100
979
1,964
1,143
21
29
136
36
71
14
71
114
171
164
100
1,136
1,007
607
50
1,300
371
14
2,493
1,171
1,043
236
214
1,293
50
93
36
1,214
157
2,071
957
157
1,314
871
279
379
64

COVID-19 Confirmed Cases, by Zip Code
Zip

29544
29545
29546
29547
29550
29554
29555
29556
29560
29563
29564
29565
29566
29567
29568
29569
29570
29571
29572
29574
29575
29576
29577
29579
29580
29581
29582
29583
29584
29585
29588
29590
29591
29592
29593
29594
29596
29601
29605
29607
29609
29611
29615

Rep. Cases

Est. Cases

Total Cases

21
14
12
26
143
90
24
200
106
17
5
51
155
7
189
207
25
73
87
68
100
135
254
336
11
26
144
31
14
97
260
17
45
8
3
0
16
138
396
229
298
590
208

129
86
74
160
878
553
147
1,229
651
104
31
313
952
43
1,161
1,272
154
448
534
418
614
829
1,560
2,064
68
160
885
190
86
596
1,597
104
276
49
18
6
98
848
2,433
1,407
1,831
3,624
1,278

150
100
86
186
1,021
643
171
1,429
757
121
36
364
1,107
50
1,350
1,479
179
521
621
486
714
964
1,814
2,400
79
186
1,029
221
100
693
1,857
121
321
57
21
6
114
986
2,829
1,636
2,129
4,214
1,486

COVID-19 Confirmed Cases, by Zip Code
Zip

29617
29620
29621
29624
29625
29626
29627
29628
29630
29631
29634
29635
29638
29639
29640
29642
29643
29644
29645
29646
29649
29650
29651
29653
29654
29655
29657
29658
29661
29662
29664
29665
29666
29667
29669
29670
29671
29672
29673
29676
29678
29680
29681

Rep. Cases

Est. Cases

Total Cases

388
53
120
47
67
33
42
7
47
144
14
5
2
2
169
155
1
92
38
212
136
214
286
19
23
18
44
0
32
65
0
0
21
0
57
20
57
17
166
8
63
147
243

2,383
326
737
289
412
203
258
43
289
885
86
31
12
12
1,038
952
6
565
233
1,302
835
1,315
1,757
117
141
111
270
6
197
399
6
6
129
6
350
123
350
104
1,020
49
387
903
1,493

2,771
379
857
336
479
236
300
50
336
1,029
100
36
14
14
1,207
1,107
7
657
271
1,514
971
1,529
2,043
136
164
129
314
6
229
464
6
6
150
6
407
143
407
121
1,186
57
450
1,050
1,736

COVID-19 Confirmed Cases, by Zip Code
Zip

29682
29683
29684
29685
29686
29687
29689
29690
29691
29692
29693
29696
29697
29702
29704
29706
29707
29708
29709
29710
29712
29714
29715
29717
29718
29720
29726
29727
29728
29729
29730
29732
29741
29742
29743
29745
29801
29803
29805
29809
29810
29812
29817

Rep. Cases

Est. Cases

Total Cases

10
1
7
3
1
275
6
77
34
14
23
8
55
12
11
56
65
95
43
118
9
20
111
5
20
254
1
6
59
12
220
228
7
4
3
91
49
52
5
3
22
25
32

61
6
43
18
6
1,689
37
473
209
86
141
49
338
74
68
344
399
584
264
725
55
123
682
31
123
1,560
6
37
362
74
1,351
1,401
43
25
18
559
301
319
31
18
135
154
197

71
7
50
21
7
1,964
43
550
243
100
164
57
393
86
79
400
464
679
307
843
64
143
793
36
143
1,814
7
43
421
86
1,571
1,629
50
29
21
650
350
371
36
21
157
179
229

COVID-19 Confirmed Cases, by Zip Code
Zip

29819
29821
29824
29827
29828
29829
29831
29832
29835
29836
29838
29840
29841
29842
29843
29845
29847
29848
29849
29851
29853
29856
29860
29902
29904
29906
29907
29909
29910
29911
29912
29915
29916
29918
29920
29921
29922
29923
29924
29926
29927
29928
29929

Rep. Cases

Est. Cases

Total Cases

2
0
16
18
0
27
5
28
10
0
1
0
77
13
0
0
12
3
2
10
11
4
29
198
2
103
43
51
246
2
1
1
3
10
42
0
3
1
19
138
52
55
5

12
6
98
111
6
166
31
172
61
6
6
6
473
80
6
6
74
18
12
61
68
25
178
1,216
12
633
264
313
1,511
12
6
6
18
61
258
6
18
6
117
848
319
338
31

14
6
114
129
6
193
36
200
71
6
7
6
550
93
6
6
86
21
14
71
79
29
207
1,414
14
736
307
364
1,757
14
7
7
21
71
300
6
21
7
136
986
371
393
36

COVID-19 Confirmed Cases, by Zip Code
Zip

29932
29934
29935
29936
29940
29941
29943
29944
29945

Rep. Cases

Est. Cases

Total Cases

1
3
17
35
6
1
1
10
24

6
18
104
215
37
6
6
61
147

7
21
121
250
43
7
7
71
171

