COVID-19 Cases, by Zip Code
Reported Cases
0 Cases
1 - 5 Cases
6 - 15 Cases
16 - 40 Cases
>40 Cases

© OpenStreetMap

COVID-19 Cases by Zip Code
Zip

29001
29003
29006
29009
29010
29014
29015
29016
29018
29020
29030
29031
29032
29033
29036
29037
29038
29039
29040
29042
29044
29045
29047
29048
29051
29052
29053
29054
29055
29056
29058
29059
29061
29063
29065
29067
29069
29070
29072
29073
29074
29075
29078

Rep. Cases

Est. Cases

Total Cases

12
9
26
9
185
3
5
65
4
150
2
2
8
14
61
0
4
5
21
11
16
112
3
10
8
7
49
13
20
5
5
14
42
60
1
12
14
27
109
78
0
3
55

74
55
160
55
1,136
18
31
399
25
921
12
12
49
86
375
6
25
31
129
68
98
688
18
61
49
43
301
80
123
31
31
86
258
369
6
74
86
166
670
479
6
18
338

86
64
186
64
1,321
21
36
464
29
1,071
14
14
57
100
436
6
29
36
150
79
114
800
21
71
57
50
350
93
143
36
36
100
300
429
7
86
100
193
779
557
6
21
393

COVID-19 Cases by Zip Code
Zip

29080
29081
29082
29101
29102
29104
29105
29107
29108
29111
29112
29113
29114
29115
29118
29122
29123
29125
29126
29127
29128
29129
29130
29133
29135
29137
29138
29142
29145
29146
29148
29150
29152
29153
29154
29160
29161
29162
29163
29164
29166
29168
29169

Rep. Cases

Est. Cases

Total Cases

23
0
0
11
191
5
3
5
33
4
17
0
13
52
29
0
8
13
1
12
33
7
118
1
8
11
132
11
1
2
71
121
3
54
105
20
39
13
13
11
0
5
92

141
6
6
68
1,173
31
18
31
203
25
104
6
80
319
178
6
49
80
6
74
203
43
725
6
49
68
811
68
6
12
436
743
18
332
645
123
240
80
80
68
6
31
565

164
6
6
79
1,364
36
21
36
236
29
121
6
93
371
207
6
57
93
7
86
236
50
843
7
57
79
943
79
7
14
507
864
21
386
750
143
279
93
93
79
6
36
657

COVID-19 Cases by Zip Code
Zip

29170
29172
29175
29178
29180
29201
29203
29204
29205
29206
29207
29208
29209
29210
29212
29223
29229
29301
29302
29303
29306
29307
29316
29321
29322
29323
29325
29330
29332
29333
29334
29335
29340
29341
29346
29349
29351
29353
29355
29356
29360
29365
29369

Rep. Cases

Est. Cases

Total Cases

41
24
1
4
38
47
160
66
35
37
108
2
88
147
50
299
211
51
24
37
38
25
42
1
13
19
15
7
1
0
33
5
19
10
0
88
0
3
1
12
18
29
18

252
147
6
25
233
289
983
405
215
227
663
12
541
903
307
1,837
1,296
313
147
227
233
154
258
6
80
117
92
43
6
6
203
31
117
61
6
541
6
18
6
74
111
178
111

293
171
7
29
271
336
1,143
471
250
264
771
14
629
1,050
357
2,136
1,507
364
171
264
271
179
300
7
93
136
107
50
7
6
236
36
136
71
6
629
6
21
7
86
129
207
129

COVID-19 Cases by Zip Code
Zip

29370
29372
29374
29375
29376
29377
29379
29384
29385
29388
29401
29403
29404
29405
29406
29407
29409
29410
29412
29414
29418
29420
29424
29425
29426
29429
29431
29432
29434
29435
29436
29437
29438
29439
29440
29445
29446
29448
29449
29450
29451
29452
29453

Rep. Cases

Est. Cases

Total Cases

3
10
6
1
17
0
30
1
39
22
17
32
3
42
37
51
1
52
45
47
45
37
0
22
1
6
0
1
0
4
2
1
1
2
43
43
2
3
12
3
7
0
1

18
61
37
6
104
6
184
6
240
135
104
197
18
258
227
313
6
319
276
289
276
227
6
135
6
37
6
6
6
25
12
6
6
12
264
264
12
18
74
18
43
6
6

21
71
43
7
121
6
214
7
279
157
121
229
21
300
264
364
7
371
321
336
321
264
6
157
7
43
6
7
6
29
14
7
7
14
307
307
14
21
86
21
50
6
7

COVID-19 Cases by Zip Code
Zip

29455
29456
29458
29461
29464
29466
29468
29469
29470
29471
29472
29474
29475
29477
29479
29481
29482
29483
29485
29486
29487
29488
29492
29493
29501
29505
29506
29510
29511
29512
29516
29518
29519
29520
29525
29526
29527
29530
29532
29536
29540
29541
29543

Rep. Cases

Est. Cases

Total Cases

18
41
3
76
71
48
2
0
5
5
4
1
5
7
12
5
8
57
45
17
5
70
11
0
201
98
103
10
8
104
6
6
0
92
9
40
39
12
137
92
24
39
1

111
252
18
467
436
295
12
6
31
31
25
6
31
43
74
31
49
350
276
104
31
430
68
6
1,235
602
633
61
49
639
37
37
6
565
55
246
240
74
842
565
147
240
6

129
293
21
543
507
343
14
6
36
36
29
7
36
50
86
36
57
407
321
121
36
500
79
6
1,436
700
736
71
57
743
43
43
6
657
64
286
279
86
979
657
171
279
7

COVID-19 Cases by Zip Code
Zip

29544
29545
29546
29547
29550
29554
29555
29556
29560
29563
29564
29565
29566
29567
29568
29569
29570
29571
29572
29574
29575
29576
29577
29579
29580
29581
29582
29583
29584
29585
29588
29590
29591
29592
29593
29594
29596
29601
29605
29607
29609
29611
29615

Rep. Cases

Est. Cases

Total Cases

5
5
5
13
98
35
12
151
66
15
4
29
17
4
32
85
11
39
7
23
16
28
34
34
10
15
12
23
5
14
40
13
32
1
2
0
6
38
120
81
122
194
76

31
31
31
80
602
215
74
928
405
92
25
178
104
25
197
522
68
240
43
141
98
172
209
209
61
92
74
141
31
86
246
80
197
6
12
6
37
233
737
498
749
1,192
467

36
36
36
93
700
250
86
1,079
471
107
29
207
121
29
229
607
79
279
50
164
114
200
243
243
71
107
86
164
36
100
286
93
229
7
14
6
43
271
857
579
871
1,386
543

COVID-19 Cases by Zip Code
Zip

29617
29620
29621
29624
29625
29626
29627
29628
29630
29631
29634
29635
29638
29639
29640
29642
29643
29644
29645
29646
29649
29650
29651
29653
29654
29655
29657
29658
29661
29662
29664
29665
29666
29667
29669
29670
29671
29672
29673
29676
29678
29680
29681

Rep. Cases

Est. Cases

Total Cases

117
28
58
27
30
10
20
5
3
5
0
2
2
1
48
60
0
33
19
73
32
66
107
2
10
16
10
0
10
25
0
0
9
0
28
6
12
7
55
6
17
69
97

719
172
356
166
184
61
123
31
18
31
6
12
12
6
295
369
6
203
117
448
197
405
657
6
61
98
61
6
61
154
6
6
55
6
172
37
74
43
338
37
104
424
596

836
200
414
193
214
71
143
36
21
36
6
14
14
7
343
429
6
236
136
521
229
471
764
8
71
114
71
6
71
179
6
6
64
6
200
43
86
50
393
43
121
493
693

COVID-19 Cases by Zip Code
Zip

29682
29683
29684
29685
29686
29687
29689
29690
29691
29692
29693
29696
29697
29702
29704
29706
29707
29708
29709
29710
29712
29714
29715
29717
29718
29720
29726
29727
29728
29729
29730
29732
29741
29742
29743
29745
29801
29803
29805
29809
29810
29812
29817

Rep. Cases

Est. Cases

Total Cases

3
1
5
0
0
97
2
33
5
9
12
3
12
4
4
22
30
40
21
49
4
9
48
3
9
93
0
2
18
6
80
123
5
2
1
25
30
34
2
2
16
20
15

18
6
31
6
6
596
12
203
31
55
74
18
74
25
25
135
184
246
129
301
25
55
295
18
55
571
6
6
111
37
491
756
31
12
6
154
184
209
12
12
98
123
92

21
7
36
6
6
693
14
236
36
64
86
21
86
29
29
157
214
286
150
350
29
64
343
21
64
664
6
8
129
43
571
879
36
14
7
179
214
243
14
14
114
143
107

COVID-19 Cases by Zip Code
Zip

29819
29821
29824
29827
29828
29829
29831
29832
29835
29836
29838
29840
29841
29842
29843
29845
29847
29848
29849
29851
29853
29856
29860
29902
29904
29906
29907
29909
29910
29911
29912
29915
29916
29918
29920
29921
29922
29923
29924
29926
29927
29928
29929

Rep. Cases

Est. Cases

Total Cases

0
0
9
13
0
17
4
26
7
0
1
0
48
6
0
0
6
2
0
8
9
2
19
95
0
56
27
22
81
2
1
1
0
9
17
0
2
1
12
25
15
14
4

6
6
55
80
6
104
25
160
43
6
6
6
295
37
6
6
37
6
6
49
55
12
117
584
6
344
166
135
498
12
6
6
6
55
104
6
12
6
74
154
92
86
25

6
6
64
93
6
121
29
186
50
6
7
6
343
43
6
6
43
8
6
57
64
14
136
679
6
400
193
157
579
14
7
7
6
64
121
6
14
7
86
179
107
100
29

COVID-19 Cases by Zip Code
Zip

29932
29934
29935
29936
29940
29941
29943
29944
29945

Rep. Cases

Est. Cases

Total Cases

1
2
11
20
2
1
1
8
6

6
12
68
123
12
6
6
49
37

7
14
79
143
14
7
7
57
43

