COVID-19 Cases, by Zip Code
Reported Cases
0 Cases
1 - 5 Cases
6 - 15 Cases
16 - 40 Cases
>40 Cases

© OpenStreetMap

COVID-19 Cases by Zip Code
Zip

29001
29003
29006
29009
29010
29014
29015
29016
29018
29020
29030
29031
29032
29033
29036
29037
29038
29039
29040
29042
29044
29045
29047
29048
29051
29052
29053
29054
29055
29056
29058
29059
29061
29063
29065
29067
29069
29070
29072
29073
29074
29075
29078

Rep. Cases

Est. Cases

Total Cases

11
6
21
6
100
2
3
55
1
133
1
1
6
11
46
1
4
5
17
9
14
72
3
10
4
5
39
11
5
2
4
10
33
49
1
12
12
24
87
56
0
2
50

68
37
129
37
614
12
18
338
6
817
6
6
37
68
283
6
25
31
104
55
86
442
18
61
25
31
240
68
31
12
25
61
203
301
6
74
74
147
534
344
6
12
307

79
43
150
43
714
14
21
393
7
950
7
7
43
79
329
7
29
36
121
64
100
514
21
71
29
36
279
79
36
14
29
71
236
350
7
86
86
171
621
400
6
14
357

COVID-19 Cases by Zip Code
Zip

29080
29081
29082
29101
29102
29104
29105
29107
29108
29111
29112
29113
29114
29115
29118
29122
29123
29125
29126
29127
29128
29129
29130
29133
29135
29137
29138
29142
29145
29146
29148
29150
29152
29153
29154
29160
29161
29162
29163
29164
29166
29168
29169

Rep. Cases

Est. Cases

Total Cases

18
0
0
7
177
3
2
4
11
3
16
0
11
25
13
0
6
12
1
10
28
6
50
1
7
9
84
8
1
2
64
95
3
46
82
14
31
10
6
6
0
5
40

111
6
6
43
1,087
18
12
25
68
18
98
6
68
154
80
6
37
74
6
61
172
37
307
6
43
55
516
49
6
12
393
584
18
283
504
86
190
61
37
37
6
31
246

129
6
6
50
1,264
21
14
29
79
21
114
6
79
179
93
6
43
86
7
71
200
43
357
7
50
64
600
57
7
14
457
679
21
329
586
100
221
71
43
43
6
36
286

COVID-19 Cases by Zip Code
Zip

29170
29172
29175
29178
29180
29201
29203
29204
29205
29206
29207
29208
29209
29210
29212
29223
29229
29301
29302
29303
29306
29307
29316
29321
29322
29323
29325
29330
29332
29333
29334
29335
29340
29341
29346
29349
29351
29353
29355
29356
29360
29365
29369

Rep. Cases

Est. Cases

Total Cases

30
21
1
4
23
30
132
54
25
29
83
2
77
114
44
220
173
27
17
21
30
15
33
1
6
18
12
4
1
0
24
4
13
6
0
35
0
1
1
3
15
23
15

184
129
6
25
141
184
811
332
154
178
510
12
473
700
270
1,351
1,063
166
104
129
184
92
203
6
37
111
74
25
6
6
147
25
80
37
6
215
6
6
6
18
92
141
92

214
150
7
29
164
214
943
386
179
207
593
14
550
814
314
1,571
1,236
193
121
150
214
107
236
7
43
129
86
29
7
6
171
29
93
43
6
250
6
7
7
21
107
164
107

COVID-19 Cases by Zip Code
Zip

29370
29372
29374
29375
29376
29377
29379
29384
29385
29388
29401
29403
29404
29405
29406
29407
29409
29410
29412
29414
29418
29420
29424
29425
29426
29429
29431
29432
29434
29435
29436
29437
29438
29439
29440
29445
29446
29448
29449
29450
29451
29452
29453

Rep. Cases

Est. Cases

Total Cases

2
9
5
1
16
0
28
1
23
15
13
29
2
40
28
41
0
48
43
38
27
28
0
12
1
6
0
1
0
3
2
1
1
3
25
37
1
2
10
1
8
0
1

12
55
31
6
98
6
172
6
141
92
80
178
12
246
172
252
6
295
264
233
166
172
6
74
6
37
6
6
6
18
12
6
6
18
154
227
6
12
61
6
49
6
6

14
64
36
7
114
6
200
7
164
107
93
207
14
286
200
293
6
343
307
271
193
200
6
86
7
43
6
7
6
21
14
7
7
21
179
264
7
14
71
7
57
6
7

COVID-19 Cases by Zip Code
Zip

29455
29456
29458
29461
29464
29466
29468
29469
29470
29471
29472
29474
29475
29477
29479
29481
29482
29483
29485
29486
29487
29488
29492
29493
29501
29505
29506
29510
29511
29512
29516
29518
29519
29520
29525
29526
29527
29530
29532
29536
29540
29541
29543

Rep. Cases

Est. Cases

Total Cases

15
24
3
71
68
46
2
0
4
2
3
0
3
5
11
0
7
33
37
12
5
21
11
0
148
63
81
9
6
45
6
3
0
38
5
29
32
11
63
61
18
28
0

92
147
18
436
418
283
12
6
25
12
18
6
18
31
68
6
43
203
227
74
31
129
68
6
909
387
498
55
37
276
37
18
6
233
31
178
197
68
387
375
111
172
6

107
171
21
507
486
329
14
6
29
14
21
6
21
36
79
6
50
236
264
86
36
150
79
6
1,057
450
579
64
43
321
43
21
6
271
36
207
229
79
450
436
129
200
6

COVID-19 Cases by Zip Code
Zip

29544
29545
29546
29547
29550
29554
29555
29556
29560
29563
29564
29565
29566
29567
29568
29569
29570
29571
29572
29574
29575
29576
29577
29579
29580
29581
29582
29583
29584
29585
29588
29590
29591
29592
29593
29594
29596
29601
29605
29607
29609
29611
29615

Rep. Cases

Est. Cases

Total Cases

5
1
5
7
83
28
12
93
48
11
3
20
14
4
16
32
2
28
6
15
13
25
27
23
8
7
7
15
2
14
34
8
23
0
1
0
1
33
84
53
96
93
54

31
6
31
43
510
172
74
571
295
68
18
123
86
25
98
197
12
172
37
92
80
154
166
141
49
43
43
92
12
86
209
49
141
6
6
6
6
203
516
326
590
571
332

36
7
36
50
593
200
86
664
343
79
21
143
100
29
114
229
14
200
43
107
93
179
193
164
57
50
50
107
14
100
243
57
164
6
7
6
7
236
600
379
686
664
386

COVID-19 Cases by Zip Code
Zip

29617
29620
29621
29624
29625
29626
29627
29628
29630
29631
29634
29635
29638
29639
29640
29642
29643
29644
29645
29646
29649
29650
29651
29653
29654
29655
29657
29658
29661
29662
29664
29665
29666
29667
29669
29670
29671
29672
29673
29676
29678
29680
29681

Rep. Cases

Est. Cases

Total Cases

48
24
48
20
25
8
14
4
1
5
0
2
2
1
25
41
0
24
12
28
23
44
83
0
8
14
9
0
4
23
0
1
6
0
21
4
4
6
45
6
15
55
64

295
147
295
123
154
49
86
25
6
31
6
12
12
6
154
252
6
147
74
172
141
270
510
6
49
86
55
6
25
141
6
6
37
6
129
25
25
37
276
37
92
338
393

343
171
343
143
179
57
100
29
7
36
6
14
14
7
179
293
6
171
86
200
164
314
593
6
57
100
64
6
29
164
6
7
43
6
150
29
29
43
321
43
107
393
457

COVID-19 Cases by Zip Code
Zip

29682
29683
29684
29685
29686
29687
29689
29690
29691
29692
29693
29696
29697
29702
29704
29706
29707
29708
29709
29710
29712
29714
29715
29717
29718
29720
29726
29727
29728
29729
29730
29732
29741
29742
29743
29745
29801
29803
29805
29809
29810
29812
29817

Rep. Cases

Est. Cases

Total Cases

3
0
5
0
0
59
2
17
3
7
8
0
11
2
2
19
24
28
10
36
1
7
38
2
7
76
0
0
15
6
54
82
4
1
1
15
20
26
2
1
12
17
11

18
6
31
6
6
362
12
104
18
43
49
6
68
12
12
117
147
172
61
221
6
43
233
12
43
467
6
6
92
37
332
504
25
6
6
92
123
160
12
6
74
104
68

21
6
36
6
6
421
14
121
21
50
57
6
79
14
14
136
171
200
71
257
7
50
271
14
50
543
6
6
107
43
386
586
29
7
7
107
143
186
14
7
86
121
79

COVID-19 Cases by Zip Code
Zip

29819
29821
29824
29827
29828
29829
29831
29832
29835
29836
29838
29840
29841
29842
29843
29845
29847
29848
29849
29851
29853
29856
29860
29902
29904
29906
29907
29909
29910
29911
29912
29915
29916
29918
29920
29921
29922
29923
29924
29926
29927
29928
29929

Rep. Cases

Est. Cases

Total Cases

0
0
7
10
0
7
3
21
7
0
0
0
40
3
0
0
5
0
0
2
8
2
15
91
0
44
24
14
49
1
1
1
0
8
12
0
1
0
11
17
6
11
4

6
6
43
61
6
43
18
129
43
6
6
6
246
18
6
6
31
6
6
12
49
12
92
559
6
270
147
86
301
6
6
6
6
49
74
6
6
6
68
104
37
68
25

6
6
50
71
6
50
21
150
50
6
6
6
286
21
6
6
36
6
6
14
57
14
107
650
6
314
171
100
350
7
7
7
6
57
86
6
7
6
79
121
43
79
29

COVID-19 Cases by Zip Code
Zip

29932
29934
29935
29936
29940
29941
29943
29944
29945

Rep. Cases

Est. Cases

Total Cases

1
1
9
16
2
1
1
5
4

6
6
55
98
12
6
6
31
25

7
7
64
114
14
7
7
36
29

