COVID-19 Confirmed Cases, by Zip Code
Reported Cases
0 Cases
1 - 10 Cases
11 - 24 Cases
25-49 Cases
50-100 Cases
>100 Cases

© OpenStreetMap

COVID-19 Confirmed Cases, by Zip Code
Zip

29001
29003
29006
29009
29010
29014
29015
29016
29018
29020
29030
29031
29032
29033
29036
29037
29038
29039
29040
29042
29044
29045
29047
29048
29051
29052
29053
29054
29055
29056
29058
29059
29061
29063
29065
29067
29069
29070
29072
29073
29074
29075
29078

Rep. Cases

Est. Cases

Total Cases

16
29
39
13
210
13
19
115
11
202
21
2
22
62
100
2
9
14
50
28
23
196
47
18
12
9
116
36
43
9
10
21
62
141
3
29
22
54
291
189
0
10
93

98
178
240
80
1,290
80
117
706
68
1,241
129
12
135
381
614
12
55
86
307
172
141
1,204
289
111
74
55
713
221
264
55
61
129
381
866
18
178
135
332
1,788
1,161
6
61
571

114
207
279
93
1,500
93
136
821
79
1,443
150
14
157
443
714
14
64
100
357
200
164
1,400
336
129
86
64
829
257
307
64
71
150
443
1,007
21
207
157
386
2,079
1,350
6
71
664

COVID-19 Confirmed Cases, by Zip Code
Zip

29080
29081
29082
29101
29102
29104
29105
29107
29108
29111
29112
29113
29114
29115
29118
29122
29123
29125
29126
29127
29128
29129
29130
29133
29135
29137
29138
29142
29145
29146
29148
29150
29152
29153
29154
29160
29161
29162
29163
29164
29166
29168
29169

Rep. Cases

Est. Cases

Total Cases

30
0
5
14
225
8
3
13
70
5
36
1
13
174
60
0
20
26
5
24
72
11
125
3
38
14
164
33
2
3
79
276
3
105
194
34
55
20
20
18
0
19
204

184
6
31
86
1,382
49
18
80
430
31
221
6
80
1,069
369
6
123
160
31
147
442
68
768
18
233
86
1,007
203
12
18
485
1,695
18
645
1,192
209
338
123
123
111
6
117
1,253

214
6
36
100
1,607
57
21
93
500
36
257
7
93
1,243
429
6
143
186
36
171
514
79
893
21
271
100
1,171
236
14
21
564
1,971
21
750
1,386
243
393
143
143
129
6
136
1,457

COVID-19 Confirmed Cases, by Zip Code
Zip

29170
29172
29175
29178
29180
29201
29203
29204
29205
29206
29207
29208
29209
29210
29212
29223
29229
29301
29302
29303
29306
29307
29316
29321
29322
29323
29325
29330
29332
29333
29334
29335
29340
29341
29346
29349
29351
29353
29355
29356
29360
29365
29369

Rep. Cases

Est. Cases

Total Cases

143
52
1
6
95
262
220
113
162
113
199
3
159
206
101
426
304
133
64
136
61
55
84
3
21
40
92
24
3
1
70
8
33
57
0
155
4
6
7
25
61
46
41

878
319
6
37
584
1,609
1,351
694
995
694
1,222
18
977
1,265
620
2,617
1,867
817
393
835
375
338
516
18
129
246
565
147
18
6
430
49
203
350
6
952
25
37
43
154
375
283
252

1,021
371
7
43
679
1,871
1,571
807
1,157
807
1,421
21
1,136
1,471
721
3,043
2,171
950
457
971
436
393
600
21
150
286
657
171
21
7
500
57
236
407
6
1,107
29
43
50
179
436
329
293

COVID-19 Confirmed Cases, by Zip Code
Zip

29370
29372
29374
29375
29376
29377
29379
29384
29385
29388
29401
29403
29404
29405
29406
29407
29409
29410
29412
29414
29418
29420
29424
29425
29426
29429
29431
29432
29434
29435
29436
29437
29438
29439
29440
29445
29446
29448
29449
29450
29451
29452
29453

Rep. Cases

Est. Cases

Total Cases

4
15
15
1
29
0
41
6
69
46
51
261
6
101
188
123
2
125
123
118
115
100
0
0
5
17
4
10
0
16
6
4
3
8
94
164
3
4
26
6
12
2
2

25
92
92
6
178
6
252
37
424
283
313
1,603
37
620
1,155
756
12
768
756
725
706
614
6
6
31
104
25
61
6
98
37
25
18
49
577
1,007
18
25
160
37
74
12
12

29
107
107
7
207
6
293
43
493
329
364
1,864
43
721
1,343
879
14
893
879
843
821
714
6
6
36
121
29
71
6
114
43
29
21
57
671
1,171
21
29
186
43
86
14
14

COVID-19 Confirmed Cases, by Zip Code
Zip

29455
29456
29458
29461
29464
29466
29468
29469
29470
29471
29472
29474
29475
29477
29479
29481
29482
29483
29485
29486
29487
29488
29492
29493
29501
29505
29506
29510
29511
29512
29516
29518
29519
29520
29525
29526
29527
29530
29532
29536
29540
29541
29543

Rep. Cases

Est. Cases

Total Cases

79
102
13
114
180
114
3
2
14
5
7
2
8
12
24
23
12
126
108
65
7
164
29
2
309
142
131
27
24
164
7
13
2
164
19
219
111
19
179
117
37
46
9

485
627
80
700
1,106
700
18
12
86
31
43
12
49
74
147
141
74
774
663
399
43
1,007
178
12
1,898
872
805
166
147
1,007
43
80
12
1,007
117
1,345
682
117
1,100
719
227
283
55

564
729
93
814
1,286
814
21
14
100
36
50
14
57
86
171
164
86
900
771
464
50
1,171
207
14
2,207
1,014
936
193
171
1,171
50
93
14
1,171
136
1,564
793
136
1,279
836
264
329
64

COVID-19 Confirmed Cases, by Zip Code
Zip

29544
29545
29546
29547
29550
29554
29555
29556
29560
29563
29564
29565
29566
29567
29568
29569
29570
29571
29572
29574
29575
29576
29577
29579
29580
29581
29582
29583
29584
29585
29588
29590
29591
29592
29593
29594
29596
29601
29605
29607
29609
29611
29615

Rep. Cases

Est. Cases

Total Cases

12
13
9
23
132
83
21
192
96
16
4
47
121
6
164
181
24
67
62
57
73
97
189
256
11
25
103
28
14
82
175
14
44
8
3
0
15
121
362
191
262
543
168

74
80
55
141
811
510
129
1,179
590
98
25
289
743
37
1,007
1,112
147
412
381
350
448
596
1,161
1,573
68
154
633
172
86
504
1,075
86
270
49
18
6
92
743
2,224
1,173
1,609
3,336
1,032

86
93
64
164
943
593
150
1,371
686
114
29
336
864
43
1,171
1,293
171
479
443
407
521
693
1,350
1,829
79
179
736
200
100
586
1,250
100
314
57
21
6
107
864
2,586
1,364
1,871
3,879
1,200

COVID-19 Confirmed Cases, by Zip Code
Zip

29617
29620
29621
29624
29625
29626
29627
29628
29630
29631
29634
29635
29638
29639
29640
29642
29643
29644
29645
29646
29649
29650
29651
29653
29654
29655
29657
29658
29661
29662
29664
29665
29666
29667
29669
29670
29671
29672
29673
29676
29678
29680
29681

Rep. Cases

Est. Cases

Total Cases

347
51
100
39
58
25
34
6
21
54
7
4
2
2
147
133
1
74
35
190
120
174
249
18
20
17
35
0
26
55
0
0
20
0
52
16
50
11
151
8
38
124
198

2,132
313
614
240
356
154
209
37
129
332
43
25
12
12
903
817
6
455
215
1,167
737
1,069
1,530
111
123
104
215
6
160
338
6
6
123
6
319
98
307
68
928
49
233
762
1,216

2,479
364
714
279
414
179
243
43
150
386
50
29
14
14
1,050
950
7
529
250
1,357
857
1,243
1,779
129
143
121
250
6
186
393
6
6
143
6
371
114
357
79
1,079
57
271
886
1,414

COVID-19 Confirmed Cases, by Zip Code
Zip

29682
29683
29684
29685
29686
29687
29689
29690
29691
29692
29693
29696
29697
29702
29704
29706
29707
29708
29709
29710
29712
29714
29715
29717
29718
29720
29726
29727
29728
29729
29730
29732
29741
29742
29743
29745
29801
29803
29805
29809
29810
29812
29817

Rep. Cases

Est. Cases

Total Cases

10
1
6
3
0
233
5
67
26
13
19
6
47
9
8
47
62
78
39
105
8
16
92
5
19
233
1
6
45
10
182
205
7
4
2
78
40
47
3
3
21
23
27

61
6
37
18
6
1,431
31
412
160
80
117
37
289
55
49
289
381
479
240
645
49
98
565
31
117
1,431
6
37
276
61
1,118
1,259
43
25
12
479
246
289
18
18
129
141
166

71
7
43
21
6
1,664
36
479
186
93
136
43
336
64
57
336
443
557
279
750
57
114
657
36
136
1,664
7
43
321
71
1,300
1,464
50
29
14
557
286
336
21
21
150
164
193

COVID-19 Confirmed Cases, by Zip Code
Zip

29819
29821
29824
29827
29828
29829
29831
29832
29835
29836
29838
29840
29841
29842
29843
29845
29847
29848
29849
29851
29853
29856
29860
29902
29904
29906
29907
29909
29910
29911
29912
29915
29916
29918
29920
29921
29922
29923
29924
29926
29927
29928
29929

Rep. Cases

Est. Cases

Total Cases

2
0
12
17
0
22
5
26
10
0
1
0
73
10
0
0
12
3
2
10
11
2
25
178
1
87
38
45
211
2
1
1
2
10
35
0
3
1
17
116
37
48
5

12
6
74
104
6
135
31
160
61
6
6
6
448
61
6
6
74
18
12
61
68
12
154
1,093
6
534
233
276
1,296
12
6
6
12
61
215
6
18
6
104
713
227
295
31

14
6
86
121
6
157
36
186
71
6
7
6
521
71
6
6
86
21
14
71
79
14
179
1,271
7
621
271
321
1,507
14
7
7
14
71
250
6
21
7
121
829
264
343
36

COVID-19 Confirmed Cases, by Zip Code
Zip

29932
29934
29935
29936
29940
29941
29943
29944
29945

Rep. Cases

Est. Cases

Total Cases

1
3
14
30
4
1
1
10
21

6
18
86
184
25
6
6
61
129

7
21
100
214
29
7
7
71
150

