COVID-19 Confirmed Cases, by Zip Code
Reported Cases
0 Cases
1 - 10 Cases
11 - 24 Cases
25-49 Cases
50-100 Cases
>100 Cases

© OpenStreetMap

COVID-19 Confirmed Cases, by Zip Code
Zip

29001
29003
29006
29009
29010
29014
29015
29016
29018
29020
29030
29031
29032
29033
29036
29037
29038
29039
29040
29042
29044
29045
29047
29048
29051
29052
29053
29054
29055
29056
29058
29059
29061
29063
29065
29067
29069
29070
29072
29073
29074
29075
29078

Rep. Cases

Est. Cases

Total Cases

18
40
50
12
223
16
21
129
20
235
23
2
25
79
129
2
11
18
66
34
33
224
57
20
12
14
137
43
46
13
14
30
72
173
4
38
25
66
353
234
0
18
116

111
246
307
74
1,370
98
129
792
123
1,444
141
12
154
485
792
12
68
111
405
209
203
1,376
350
123
74
86
842
264
283
80
86
184
442
1,063
25
233
154
405
2,168
1,437
6
111
713

129
286
357
86
1,593
114
150
921
143
1,679
164
14
179
564
921
14
79
129
471
243
236
1,600
407
143
86
100
979
307
329
93
100
214
514
1,236
29
271
179
471
2,521
1,671
6
129
829

COVID-19 Confirmed Cases, by Zip Code
Zip

29080
29081
29082
29101
29102
29104
29105
29107
29108
29111
29112
29113
29114
29115
29118
29122
29123
29125
29126
29127
29128
29129
29130
29133
29135
29137
29138
29142
29145
29146
29148
29150
29152
29153
29154
29160
29161
29162
29163
29164
29166
29168
29169

Rep. Cases

Est. Cases

Total Cases

34
6
6
14
241
11
5
16
111
7
42
2
14
241
82
0
21
28
10
30
87
11
127
8
49
16
177
37
1
4
87
333
3
130
242
43
66
29
22
19
0
23
245

209
37
37
86
1,480
68
31
98
682
43
258
12
86
1,480
504
6
129
172
61
184
534
68
780
49
301
98
1,087
227
6
25
534
2,046
18
799
1,487
264
405
178
135
117
6
141
1,505

243
43
43
100
1,721
79
36
114
793
50
300
14
100
1,721
586
6
150
200
71
214
621
79
907
57
350
114
1,264
264
7
29
621
2,379
21
929
1,729
307
471
207
157
136
6
164
1,750

COVID-19 Confirmed Cases, by Zip Code
Zip

29170
29172
29175
29178
29180
29201
29203
29204
29205
29206
29207
29208
29209
29210
29212
29223
29229
29301
29302
29303
29306
29307
29316
29321
29322
29323
29325
29330
29332
29333
29334
29335
29340
29341
29346
29349
29351
29353
29355
29356
29360
29365
29369

Rep. Cases

Est. Cases

Total Cases

167
56
1
8
106
296
260
140
183
133
216
5
206
253
125
488
334
160
79
137
65
62
106
4
25
60
143
32
6
1
83
11
39
70
1
174
5
8
8
29
99
56
52

1,026
344
6
49
651
1,818
1,597
860
1,124
817
1,327
31
1,265
1,554
768
2,998
2,052
983
485
842
399
381
651
25
154
369
878
197
37
6
510
68
240
430
6
1,069
31
49
49
178
608
344
319

1,193
400
7
57
757
2,114
1,857
1,000
1,307
950
1,543
36
1,471
1,807
893
3,486
2,386
1,143
564
979
464
443
757
29
179
429
1,021
229
43
7
593
79
279
500
7
1,243
36
57
57
207
707
400
371

COVID-19 Confirmed Cases, by Zip Code
Zip

29370
29372
29374
29375
29376
29377
29379
29384
29385
29388
29401
29403
29404
29405
29406
29407
29409
29410
29412
29414
29418
29420
29424
29425
29426
29429
29431
29432
29434
29435
29436
29437
29438
29439
29440
29445
29446
29448
29449
29450
29451
29452
29453

Rep. Cases

Est. Cases

Total Cases

4
24
18
1
32
0
56
9
74
54
97
459
8
175
266
210
1
166
228
181
180
141
0
0
7
30
5
14
0
24
9
5
5
12
139
265
4
5
45
9
21
3
3

25
147
111
6
197
6
344
55
455
332
596
2,820
49
1,075
1,634
1,290
6
1,020
1,401
1,112
1,106
866
6
6
43
184
31
86
6
147
55
31
31
74
854
1,628
25
31
276
55
129
18
18

29
171
129
7
229
6
400
64
529
386
693
3,279
57
1,250
1,900
1,500
7
1,186
1,629
1,293
1,286
1,007
6
6
50
214
36
100
6
171
64
36
36
86
993
1,893
29
36
321
64
150
21
21

COVID-19 Confirmed Cases, by Zip Code
Zip

29455
29456
29458
29461
29464
29466
29468
29469
29470
29471
29472
29474
29475
29477
29479
29481
29482
29483
29485
29486
29487
29488
29492
29493
29501
29505
29506
29510
29511
29512
29516
29518
29519
29520
29525
29526
29527
29530
29532
29536
29540
29541
29543

Rep. Cases

Est. Cases

Total Cases

138
148
17
155
332
185
4
4
24
5
14
2
12
16
26
26
16
178
153
98
9
193
65
2
371
175
151
37
30
187
7
13
5
172
23
321
146
23
188
130
40
55
10

848
909
104
952
2,039
1,136
25
25
147
31
86
12
74
98
160
160
98
1,093
940
602
55
1,186
399
12
2,279
1,075
928
227
184
1,149
43
80
31
1,057
141
1,972
897
141
1,155
799
246
338
61

986
1,057
121
1,107
2,371
1,321
29
29
171
36
100
14
86
114
186
186
114
1,271
1,093
700
64
1,379
464
14
2,650
1,250
1,079
264
214
1,336
50
93
36
1,229
164
2,293
1,043
164
1,343
929
286
393
71

COVID-19 Confirmed Cases, by Zip Code
Zip

29544
29545
29546
29547
29550
29554
29555
29556
29560
29563
29564
29565
29566
29567
29568
29569
29570
29571
29572
29574
29575
29576
29577
29579
29580
29581
29582
29583
29584
29585
29588
29590
29591
29592
29593
29594
29596
29601
29605
29607
29609
29611
29615

Rep. Cases

Est. Cases

Total Cases

26
14
12
27
149
96
24
204
109
21
5
55
167
7
199
210
28
80
91
68
111
179
278
373
11
26
152
31
15
114
302
18
46
8
3
0
16
153
431
253
314
626
239

160
86
74
166
915
590
147
1,253
670
129
31
338
1,026
43
1,222
1,290
172
491
559
418
682
1,100
1,708
2,291
68
160
934
190
92
700
1,855
111
283
49
18
6
98
940
2,648
1,554
1,929
3,845
1,468

186
100
86
193
1,064
686
171
1,457
779
150
36
393
1,193
50
1,421
1,500
200
571
650
486
793
1,279
1,986
2,664
79
186
1,086
221
107
814
2,157
129
329
57
21
6
114
1,093
3,079
1,807
2,243
4,471
1,707

COVID-19 Confirmed Cases, by Zip Code
Zip

29617
29620
29621
29624
29625
29626
29627
29628
29630
29631
29634
29635
29638
29639
29640
29642
29643
29644
29645
29646
29649
29650
29651
29653
29654
29655
29657
29658
29661
29662
29664
29665
29666
29667
29669
29670
29671
29672
29673
29676
29678
29680
29681

Rep. Cases

Est. Cases

Total Cases

414
53
124
48
74
35
43
9
52
149
15
5
2
2
178
168
2
100
44
226
138
236
304
20
24
18
47
0
37
70
1
0
22
0
61
22
61
18
176
12
75
166
272

2,543
326
762
295
455
215
264
55
319
915
92
31
12
12
1,093
1,032
12
614
270
1,388
848
1,450
1,867
123
147
111
289
6
227
430
6
6
135
6
375
135
375
111
1,081
74
461
1,020
1,671

2,957
379
886
343
529
250
307
64
371
1,064
107
36
14
14
1,271
1,200
14
714
314
1,614
986
1,686
2,171
143
171
129
336
6
264
500
7
6
157
6
436
157
436
129
1,257
86
536
1,186
1,943

COVID-19 Confirmed Cases, by Zip Code
Zip

29682
29683
29684
29685
29686
29687
29689
29690
29691
29692
29693
29696
29697
29702
29704
29706
29707
29708
29709
29710
29712
29714
29715
29717
29718
29720
29726
29727
29728
29729
29730
29732
29741
29742
29743
29745
29801
29803
29805
29809
29810
29812
29817

Rep. Cases

Est. Cases

Total Cases

12
1
8
3
1
290
6
81
46
17
25
9
58
13
11
60
70
112
43
125
10
21
122
5
21
287
1
8
62
12
241
240
7
4
3
100
54
57
6
4
22
26
32

74
6
49
18
6
1,781
37
498
283
104
154
55
356
80
68
369
430
688
264
768
61
129
749
31
129
1,763
6
49
381
74
1,480
1,474
43
25
18
614
332
350
37
25
135
160
197

86
7
57
21
7
2,071
43
579
329
121
179
64
414
93
79
429
500
800
307
893
71
150
871
36
150
2,050
7
57
443
86
1,721
1,714
50
29
21
714
386
407
43
29
157
186
229

COVID-19 Confirmed Cases, by Zip Code
Zip

29819
29821
29824
29827
29828
29829
29831
29832
29835
29836
29838
29840
29841
29842
29843
29845
29847
29848
29849
29851
29853
29856
29860
29902
29904
29906
29907
29909
29910
29911
29912
29915
29916
29918
29920
29921
29922
29923
29924
29926
29927
29928
29929

Rep. Cases

Est. Cases

Total Cases

2
0
16
19
0
27
5
28
10
0
1
0
81
15
0
0
12
3
2
10
13
5
31
205
2
107
48
54
268
3
1
1
3
10
43
0
3
1
21
141
60
64
5

12
6
98
117
6
166
31
172
61
6
6
6
498
92
6
6
74
18
12
61
80
31
190
1,259
12
657
295
332
1,646
18
6
6
18
61
264
6
18
6
129
866
369
393
31

14
6
114
136
6
193
36
200
71
6
7
6
579
107
6
6
86
21
14
71
93
36
221
1,464
14
764
343
386
1,914
21
7
7
21
71
307
6
21
7
150
1,007
429
457
36

COVID-19 Confirmed Cases, by Zip Code
Zip

29932
29934
29935
29936
29940
29941
29943
29944
29945

Rep. Cases

Est. Cases

Total Cases

1
3
17
39
6
1
1
10
24

6
18
104
240
37
6
6
61
147

7
21
121
279
43
7
7
71
171

