COVID-19 Confirmed Cases, by Zip Code
Reported Cases
0 Cases
1 - 10 Cases
11 - 24 Cases
25-49 Cases
50-100 Cases
>100 Cases

© OpenStreetMap

COVID-19 Confirmed Cases, by Zip Code
Zip

29001
29003
29006
29009
29010
29014
29015
29016
29018
29020
29030
29031
29032
29033
29036
29037
29038
29039
29040
29042
29044
29045
29047
29048
29051
29052
29053
29054
29055
29056
29058
29059
29061
29063
29065
29067
29069
29070
29072
29073
29074
29075
29078

Rep. Cases

Est. Cases

Total Cases

18
32
43
12
215
14
20
120
15
228
23
2
22
67
109
2
11
14
53
30
23
206
52
18
12
10
121
37
46
11
12
25
66
149
3
35
24
57
317
207
0
14
108

111
197
264
74
1,321
86
123
737
92
1,401
141
12
135
412
670
12
68
86
326
184
141
1,265
319
111
74
61
743
227
283
68
74
154
405
915
18
215
147
350
1,947
1,272
6
86
663

129
229
307
86
1,536
100
143
857
107
1,629
164
14
157
479
779
14
79
100
379
214
164
1,471
371
129
86
71
864
264
329
79
86
179
471
1,064
21
250
171
407
2,264
1,479
6
100
771

COVID-19 Confirmed Cases, by Zip Code
Zip

29080
29081
29082
29101
29102
29104
29105
29107
29108
29111
29112
29113
29114
29115
29118
29122
29123
29125
29126
29127
29128
29129
29130
29133
29135
29137
29138
29142
29145
29146
29148
29150
29152
29153
29154
29160
29161
29162
29163
29164
29166
29168
29169

Rep. Cases

Est. Cases

Total Cases

33
2
5
14
230
9
5
13
81
6
41
1
13
210
68
0
20
26
6
26
79
11
126
4
47
14
170
34
1
3
84
297
3
120
217
37
61
23
20
18
0
19
216

203
12
31
86
1,413
55
31
80
498
37
252
6
80
1,290
418
6
123
160
37
160
485
68
774
25
289
86
1,044
209
6
18
516
1,824
18
737
1,333
227
375
141
123
111
6
117
1,327

236
14
36
100
1,643
64
36
93
579
43
293
7
93
1,500
486
6
143
186
43
186
564
79
900
29
336
100
1,214
243
7
21
600
2,121
21
857
1,550
264
436
164
143
129
6
136
1,543

COVID-19 Confirmed Cases, by Zip Code
Zip

29170
29172
29175
29178
29180
29201
29203
29204
29205
29206
29207
29208
29209
29210
29212
29223
29229
29301
29302
29303
29306
29307
29316
29321
29322
29323
29325
29330
29332
29333
29334
29335
29340
29341
29346
29349
29351
29353
29355
29356
29360
29365
29369

Rep. Cases

Est. Cases

Total Cases

147
52
1
8
103
275
233
128
169
117
209
4
174
222
110
448
311
139
69
144
62
58
91
4
22
48
115
29
4
1
75
9
33
59
0
161
4
6
7
25
81
51
46

903
319
6
49
633
1,689
1,431
786
1,038
719
1,284
25
1,069
1,364
676
2,752
1,910
854
424
885
381
356
559
25
135
295
706
178
25
6
461
55
203
362
6
989
25
37
43
154
498
313
283

1,050
371
7
57
736
1,964
1,664
914
1,207
836
1,493
29
1,243
1,586
786
3,200
2,221
993
493
1,029
443
414
650
29
157
343
821
207
29
7
536
64
236
421
6
1,150
29
43
50
179
579
364
329

COVID-19 Confirmed Cases, by Zip Code
Zip

29370
29372
29374
29375
29376
29377
29379
29384
29385
29388
29401
29403
29404
29405
29406
29407
29409
29410
29412
29414
29418
29420
29424
29425
29426
29429
29431
29432
29434
29435
29436
29437
29438
29439
29440
29445
29446
29448
29449
29450
29451
29452
29453

Rep. Cases

Est. Cases

Total Cases

4
18
16
1
29
0
48
9
69
52
75
351
7
128
234
174
1
144
171
140
147
118
0
0
7
21
4
12
0
16
8
5
4
9
117
222
3
5
36
6
17
3
2

25
111
98
6
178
6
295
55
424
319
461
2,156
43
786
1,437
1,069
6
885
1,050
860
903
725
6
6
43
129
25
74
6
98
49
31
25
55
719
1,364
18
31
221
37
104
18
12

29
129
114
7
207
6
343
64
493
371
536
2,507
50
914
1,671
1,243
7
1,029
1,221
1,000
1,050
843
6
6
50
150
29
86
6
114
57
36
29
64
836
1,586
21
36
257
43
121
21
14

COVID-19 Confirmed Cases, by Zip Code
Zip

29455
29456
29458
29461
29464
29466
29468
29469
29470
29471
29472
29474
29475
29477
29479
29481
29482
29483
29485
29486
29487
29488
29492
29493
29501
29505
29506
29510
29511
29512
29516
29518
29519
29520
29525
29526
29527
29530
29532
29536
29540
29541
29543

Rep. Cases

Est. Cases

Total Cases

102
129
13
130
249
148
3
4
17
5
8
2
9
15
24
23
13
152
128
81
7
179
38
2
345
160
142
33
29
176
7
13
5
169
21
269
129
22
183
119
38
51
9

627
792
80
799
1,530
909
18
25
104
31
49
12
55
92
147
141
80
934
786
498
43
1,100
233
12
2,119
983
872
203
178
1,081
43
80
31
1,038
129
1,652
792
135
1,124
731
233
313
55

729
921
93
929
1,779
1,057
21
29
121
36
57
14
64
107
171
164
93
1,086
914
579
50
1,279
271
14
2,464
1,143
1,014
236
207
1,257
50
93
36
1,207
150
1,921
921
157
1,307
850
271
364
64

COVID-19 Confirmed Cases, by Zip Code
Zip

29544
29545
29546
29547
29550
29554
29555
29556
29560
29563
29564
29565
29566
29567
29568
29569
29570
29571
29572
29574
29575
29576
29577
29579
29580
29581
29582
29583
29584
29585
29588
29590
29591
29592
29593
29594
29596
29601
29605
29607
29609
29611
29615

Rep. Cases

Est. Cases

Total Cases

19
14
12
26
138
87
23
198
105
16
5
50
141
6
182
201
25
73
79
63
89
114
231
315
11
26
135
31
14
92
221
14
45
8
3
0
16
133
382
210
278
575
184

117
86
74
160
848
534
141
1,216
645
98
31
307
866
37
1,118
1,235
154
448
485
387
547
700
1,419
1,935
68
160
829
190
86
565
1,358
86
276
49
18
6
98
817
2,347
1,290
1,708
3,532
1,130

136
100
86
186
986
621
164
1,414
750
114
36
357
1,007
43
1,300
1,436
179
521
564
450
636
814
1,650
2,250
79
186
964
221
100
657
1,579
100
321
57
21
6
114
950
2,729
1,500
1,986
4,107
1,314

COVID-19 Confirmed Cases, by Zip Code
Zip

29617
29620
29621
29624
29625
29626
29627
29628
29630
29631
29634
29635
29638
29639
29640
29642
29643
29644
29645
29646
29649
29650
29651
29653
29654
29655
29657
29658
29661
29662
29664
29665
29666
29667
29669
29670
29671
29672
29673
29676
29678
29680
29681

Rep. Cases

Est. Cases

Total Cases

370
53
118
46
62
30
39
6
36
101
14
5
2
2
163
148
1
80
37
207
131
198
271
18
22
18
42
0
32
62
0
0
20
0
54
19
53
13
158
8
53
139
220

2,273
326
725
283
381
184
240
37
221
620
86
31
12
12
1,001
909
6
491
227
1,272
805
1,216
1,665
111
135
111
258
6
197
381
6
6
123
6
332
117
326
80
971
49
326
854
1,351

2,643
379
843
329
443
214
279
43
257
721
100
36
14
14
1,164
1,057
7
571
264
1,479
936
1,414
1,936
129
157
129
300
6
229
443
6
6
143
6
386
136
379
93
1,129
57
379
993
1,571

COVID-19 Confirmed Cases, by Zip Code
Zip

29682
29683
29684
29685
29686
29687
29689
29690
29691
29692
29693
29696
29697
29702
29704
29706
29707
29708
29709
29710
29712
29714
29715
29717
29718
29720
29726
29727
29728
29729
29730
29732
29741
29742
29743
29745
29801
29803
29805
29809
29810
29812
29817

Rep. Cases

Est. Cases

Total Cases

10
1
7
3
0
254
6
71
31
14
22
7
53
9
10
54
65
93
42
116
9
20
108
5
20
252
1
6
54
12
216
219
7
4
2
87
42
50
4
3
22
24
29

61
6
43
18
6
1,560
37
436
190
86
135
43
326
55
61
332
399
571
258
713
55
123
663
31
123
1,548
6
37
332
74
1,327
1,345
43
25
12
534
258
307
25
18
135
147
178

71
7
50
21
6
1,814
43
507
221
100
157
50
379
64
71
386
464
664
300
829
64
143
771
36
143
1,800
7
43
386
86
1,543
1,564
50
29
14
621
300
357
29
21
157
171
207

COVID-19 Confirmed Cases, by Zip Code
Zip

29819
29821
29824
29827
29828
29829
29831
29832
29835
29836
29838
29840
29841
29842
29843
29845
29847
29848
29849
29851
29853
29856
29860
29902
29904
29906
29907
29909
29910
29911
29912
29915
29916
29918
29920
29921
29922
29923
29924
29926
29927
29928
29929

Rep. Cases

Est. Cases

Total Cases

2
0
15
18
0
25
5
27
10
0
1
0
75
11
0
0
12
3
2
10
11
2
27
193
1
99
41
48
237
2
1
1
3
10
42
0
3
1
19
133
49
54
5

12
6
92
111
6
154
31
166
61
6
6
6
461
68
6
6
74
18
12
61
68
12
166
1,186
6
608
252
295
1,456
12
6
6
18
61
258
6
18
6
117
817
301
332
31

14
6
107
129
6
179
36
193
71
6
7
6
536
79
6
6
86
21
14
71
79
14
193
1,379
7
707
293
343
1,693
14
7
7
21
71
300
6
21
7
136
950
350
386
36

COVID-19 Confirmed Cases, by Zip Code
Zip

29932
29934
29935
29936
29940
29941
29943
29944
29945

Rep. Cases

Est. Cases

Total Cases

1
3
14
33
6
1
1
10
22

6
18
86
203
37
6
6
61
135

7
21
100
236
43
7
7
71
157

