COVID-19 Cases, by Zip Code
Reported Cases
0 Cases
1 - 5 Cases
6 - 15 Cases
16 - 40 Cases
>40 Cases

© OpenStreetMap

COVID-19 Cases by Zip Code
Zip

29001
29003
29006
29009
29010
29014
29015
29016
29018
29020
29030
29031
29032
29033
29036
29037
29038
29039
29040
29042
29044
29045
29047
29048
29051
29052
29053
29054
29055
29056
29058
29059
29061
29063
29065
29067
29069
29070
29072
29073
29074
29075
29078

Rep. Cases

Est. Cases

Total Cases

11
6
22
6
147
2
3
57
1
136
1
1
7
11
55
1
4
5
19
10
15
80
3
10
5
6
40
11
7
3
4
13
35
55
1
12
12
28
92
66
0
2
51

68
37
135
37
903
12
18
350
6
835
6
6
43
68
338
6
25
31
117
61
92
491
18
61
31
37
246
68
43
18
25
80
215
338
6
74
74
172
565
405
6
12
313

79
43
157
43
1,050
14
21
407
7
971
7
7
50
79
393
7
29
36
136
71
107
571
21
71
36
43
286
79
50
21
29
93
250
393
7
86
86
200
657
471
6
14
364

COVID-19 Cases by Zip Code
Zip

29080
29081
29082
29101
29102
29104
29105
29107
29108
29111
29112
29113
29114
29115
29118
29122
29123
29125
29126
29127
29128
29129
29130
29133
29135
29137
29138
29142
29145
29146
29148
29150
29152
29153
29154
29160
29161
29162
29163
29164
29166
29168
29169

Rep. Cases

Est. Cases

Total Cases

18
0
0
8
182
3
2
4
14
3
16
0
11
26
13
0
6
13
1
9
29
7
91
1
7
10
114
8
1
2
68
101
3
46
100
16
34
12
9
7
0
5
82

111
6
6
49
1,118
18
12
25
86
18
98
6
68
160
80
6
37
80
6
55
178
43
559
6
43
61
700
49
6
12
418
620
18
283
614
98
209
74
55
43
6
31
504

129
6
6
57
1,300
21
14
29
100
21
114
6
79
186
93
6
43
93
7
64
207
50
650
7
50
71
814
57
7
14
486
721
21
329
714
114
243
86
64
50
6
36
586

COVID-19 Cases by Zip Code
Zip

29170
29172
29175
29178
29180
29201
29203
29204
29205
29206
29207
29208
29209
29210
29212
29223
29229
29301
29302
29303
29306
29307
29316
29321
29322
29323
29325
29330
29332
29333
29334
29335
29340
29341
29346
29349
29351
29353
29355
29356
29360
29365
29369

Rep. Cases

Est. Cases

Total Cases

31
22
1
4
28
33
141
59
29
31
92
2
81
123
43
240
185
33
17
23
33
15
37
1
9
19
14
4
1
0
26
4
13
8
0
44
0
1
1
7
17
25
15

190
135
6
25
172
203
866
362
178
190
565
12
498
756
264
1,474
1,136
203
104
141
203
92
227
6
55
117
86
25
6
6
160
25
80
49
6
270
6
6
6
43
104
154
92

221
157
7
29
200
236
1,007
421
207
221
657
14
579
879
307
1,714
1,321
236
121
164
236
107
264
7
64
136
100
29
7
6
186
29
93
57
6
314
6
7
7
50
121
179
107

COVID-19 Cases by Zip Code
Zip

29370
29372
29374
29375
29376
29377
29379
29384
29385
29388
29401
29403
29404
29405
29406
29407
29409
29410
29412
29414
29418
29420
29424
29425
29426
29429
29431
29432
29434
29435
29436
29437
29438
29439
29440
29445
29446
29448
29449
29450
29451
29452
29453

Rep. Cases

Est. Cases

Total Cases

2
9
5
1
16
0
28
1
31
19
13
31
2
42
30
43
1
50
44
40
31
30
0
13
1
6
0
1
0
4
2
1
1
2
26
40
2
2
11
2
7
0
1

12
55
31
6
98
6
172
6
190
117
80
190
12
258
184
264
6
307
270
246
190
184
6
80
6
37
6
6
6
25
12
6
6
12
160
246
12
12
68
12
43
6
6

14
64
36
7
114
6
200
7
221
136
93
221
14
300
214
307
7
357
314
286
221
214
6
93
7
43
6
7
6
29
14
7
7
14
186
286
14
14
79
14
50
6
7

COVID-19 Cases by Zip Code
Zip

29455
29456
29458
29461
29464
29466
29468
29469
29470
29471
29472
29474
29475
29477
29479
29481
29482
29483
29485
29486
29487
29488
29492
29493
29501
29505
29506
29510
29511
29512
29516
29518
29519
29520
29525
29526
29527
29530
29532
29536
29540
29541
29543

Rep. Cases

Est. Cases

Total Cases

15
25
3
71
67
45
2
0
4
2
3
0
3
5
11
2
7
35
38
12
5
42
11
0
167
85
91
9
7
59
6
4
0
51
5
30
33
11
97
77
18
32
0

92
154
18
436
412
276
12
6
25
12
18
6
18
31
68
12
43
215
233
74
31
258
68
6
1,026
522
559
55
43
362
37
25
6
313
31
184
203
68
596
473
111
197
6

107
179
21
507
479
321
14
6
29
14
21
6
21
36
79
14
50
250
271
86
36
300
79
6
1,193
607
650
64
50
421
43
29
6
364
36
214
236
79
693
550
129
229
6

COVID-19 Cases by Zip Code
Zip

29544
29545
29546
29547
29550
29554
29555
29556
29560
29563
29564
29565
29566
29567
29568
29569
29570
29571
29572
29574
29575
29576
29577
29579
29580
29581
29582
29583
29584
29585
29588
29590
29591
29592
29593
29594
29596
29601
29605
29607
29609
29611
29615

Rep. Cases

Est. Cases

Total Cases

5
3
4
8
93
30
12
114
52
14
3
26
15
4
24
35
3
31
6
17
15
25
30
23
9
8
9
21
2
14
36
10
26
1
1
0
2
35
93
58
100
112
55

31
18
25
49
571
184
74
700
319
86
18
160
92
25
147
215
18
190
37
104
92
154
184
141
55
49
55
129
12
86
221
61
160
6
6
6
12
215
571
356
614
688
338

36
21
29
57
664
214
86
814
371
100
21
186
107
29
171
250
21
221
43
121
107
179
214
164
64
57
64
150
14
100
257
71
186
7
7
6
14
250
664
414
714
800
393

COVID-19 Cases by Zip Code
Zip

29617
29620
29621
29624
29625
29626
29627
29628
29630
29631
29634
29635
29638
29639
29640
29642
29643
29644
29645
29646
29649
29650
29651
29653
29654
29655
29657
29658
29661
29662
29664
29665
29666
29667
29669
29670
29671
29672
29673
29676
29678
29680
29681

Rep. Cases

Est. Cases

Total Cases

76
24
49
22
26
8
14
4
1
5
0
2
2
1
29
44
0
27
17
30
24
46
95
0
8
14
9
0
4
23
0
0
6
0
24
5
5
6
49
6
15
59
76

467
147
301
135
160
49
86
25
6
31
6
12
12
6
178
270
6
166
104
184
147
283
584
6
49
86
55
6
25
141
6
0
37
6
147
31
31
37
301
37
92
362
467

543
171
350
157
186
57
100
29
7
36
6
14
14
7
207
314
6
193
121
214
171
329
679
6
57
100
64
6
29
164
6
0
43
6
171
36
36
43
350
43
107
421
543

COVID-19 Cases by Zip Code
Zip

29682
29683
29684
29685
29686
29687
29689
29690
29691
29692
29693
29696
29697
29702
29704
29706
29707
29708
29709
29710
29712
29714
29715
29717
29718
29720
29726
29727
29728
29729
29730
29732
29741
29742
29743
29745
29801
29803
29805
29809
29810
29812
29817

Rep. Cases

Est. Cases

Total Cases

3
0
5
0
0
68
2
26
3
7
10
1
12
2
2
20
28
30
10
41
1
7
39
2
7
75
0
0
15
6
65
101
4
1
1
17
25
30
2
1
14
19
12

18
6
31
6
6
418
12
160
18
43
61
6
74
12
12
123
172
184
61
252
6
43
240
12
43
461
6
6
92
37
399
620
25
6
6
104
154
184
12
6
86
117
74

21
6
36
6
6
486
14
186
21
50
71
7
86
14
14
143
200
214
71
293
7
50
279
14
50
536
6
6
107
43
464
721
29
7
7
121
179
214
14
7
100
136
86

COVID-19 Cases by Zip Code
Zip

29819
29821
29824
29827
29828
29829
29831
29832
29835
29836
29838
29840
29841
29842
29843
29845
29847
29848
29849
29851
29853
29856
29860
29902
29904
29906
29907
29909
29910
29911
29912
29915
29916
29918
29920
29921
29922
29923
29924
29926
29927
29928
29929

Rep. Cases

Est. Cases

Total Cases

0
0
8
12
0
9
4
23
7
0
0
0
44
5
0
0
5
0
0
5
9
2
15
92
0
49
24
14
50
2
1
1
0
9
15
0
2
0
10
19
8
12
4

6
6
49
74
6
55
25
141
43
6
6
6
270
31
6
6
31
6
6
31
55
12
92
565
6
301
147
86
307
12
6
6
6
55
92
6
12
6
61
117
49
74
25

6
6
57
86
6
64
29
164
50
6
6
6
314
36
6
6
36
6
6
36
64
14
107
657
6
350
171
100
357
14
7
7
6
64
107
6
14
6
71
136
57
86
29

COVID-19 Cases by Zip Code
Zip

29932
29934
29935
29936
29940
29941
29943
29944
29945

Rep. Cases

Est. Cases

Total Cases

1
1
10
16
2
1
1
5
4

6
6
61
98
12
6
6
31
25

7
7
71
114
14
7
7
36
29

