COVID-19 Cases, by Zip Code
Reported Cases
0 Cases
1 - 5 Cases
6 - 15 Cases
16 - 40 Cases
>40 Cases

© OpenStreetMap

COVID-19 Cases by Zip Code
Zip

29001
29003
29006
29009
29010
29014
29015
29016
29018
29020
29030
29031
29032
29033
29036
29037
29038
29039
29040
29042
29044
29045
29047
29048
29051
29052
29053
29054
29055
29056
29058
29059
29061
29063
29065
29067
29069
29070
29072
29073
29074
29075
29078

Rep. Cases

Est. Cases

Total Cases

12
11
27
9
193
10
6
72
5
154
4
2
10
15
63
0
4
8
26
14
18
125
7
11
8
7
58
16
35
5
7
14
44
67
2
15
18
28
121
92
0
4
59

74
68
166
55
1,186
61
37
442
31
946
25
12
61
92
387
6
25
49
160
86
111
768
43
68
49
43
356
98
215
31
43
86
270
412
12
92
111
172
743
565
6
25
362

86
79
193
64
1,379
71
43
514
36
1,100
29
14
71
107
450
6
29
57
186
100
129
893
50
79
57
50
414
114
250
36
50
100
314
479
14
107
129
200
864
657
6
29
421

COVID-19 Cases by Zip Code
Zip

29080
29081
29082
29101
29102
29104
29105
29107
29108
29111
29112
29113
29114
29115
29118
29122
29123
29125
29126
29127
29128
29129
29130
29133
29135
29137
29138
29142
29145
29146
29148
29150
29152
29153
29154
29160
29161
29162
29163
29164
29166
29168
29169

Rep. Cases

Est. Cases

Total Cases

24
0
0
12
195
6
3
4
38
4
18
0
13
83
32
0
9
13
1
14
33
7
119
1
10
12
138
12
1
2
72
142
3
58
113
25
41
13
13
11
0
8
108

147
6
6
74
1,198
37
18
25
233
25
111
6
80
510
197
6
55
80
6
86
203
43
731
6
61
74
848
74
6
12
442
872
18
356
694
154
252
80
80
68
6
49
663

171
6
6
86
1,393
43
21
29
271
29
129
6
93
593
229
6
64
93
7
100
236
50
850
7
71
86
986
86
7
14
514
1,014
21
414
807
179
293
93
93
79
6
57
771

COVID-19 Cases by Zip Code
Zip

29170
29172
29175
29178
29180
29201
29203
29204
29205
29206
29207
29208
29209
29210
29212
29223
29229
29301
29302
29303
29306
29307
29316
29321
29322
29323
29325
29330
29332
29333
29334
29335
29340
29341
29346
29349
29351
29353
29355
29356
29360
29365
29369

Rep. Cases

Est. Cases

Total Cases

54
28
1
5
47
65
173
75
45
42
112
2
95
153
60
309
215
64
29
58
39
29
48
1
13
22
19
8
2
0
36
5
22
12
0
102
0
3
1
14
21
30
19

332
172
6
31
289
399
1,063
461
276
258
688
12
584
940
369
1,898
1,321
393
178
356
240
178
295
6
80
135
117
49
12
6
221
31
135
74
6
627
6
18
6
86
129
184
117

386
200
7
36
336
464
1,236
536
321
300
800
14
679
1,093
429
2,207
1,536
457
207
414
279
207
343
7
93
157
136
57
14
6
257
36
157
86
6
729
6
21
7
100
150
214
136

COVID-19 Cases by Zip Code
Zip

29370
29372
29374
29375
29376
29377
29379
29384
29385
29388
29401
29403
29404
29405
29406
29407
29409
29410
29412
29414
29418
29420
29424
29425
29426
29429
29431
29432
29434
29435
29436
29437
29438
29439
29440
29445
29446
29448
29449
29450
29451
29452
29453

Rep. Cases

Est. Cases

Total Cases

3
10
6
1
20
0
33
1
41
22
19
34
4
43
51
64
1
55
44
49
52
43
0
30
1
7
0
2
0
6
2
1
1
2
46
46
2
3
14
3
7
0
1

18
61
37
6
123
6
203
6
252
135
117
209
25
264
313
393
6
338
270
301
319
264
6
184
6
43
6
12
6
37
12
6
6
12
283
283
12
18
86
18
43
6
6

21
71
43
7
143
6
236
7
293
157
136
243
29
307
364
457
7
393
314
350
371
307
6
214
7
50
6
14
6
43
14
7
7
14
329
329
14
21
100
21
50
6
7

COVID-19 Cases by Zip Code
Zip

29455
29456
29458
29461
29464
29466
29468
29469
29470
29471
29472
29474
29475
29477
29479
29481
29482
29483
29485
29486
29487
29488
29492
29493
29501
29505
29506
29510
29511
29512
29516
29518
29519
29520
29525
29526
29527
29530
29532
29536
29540
29541
29543

Rep. Cases

Est. Cases

Total Cases

19
48
3
77
73
53
2
0
5
5
4
1
5
7
15
5
8
62
52
22
5
91
11
0
224
103
107
10
8
122
6
11
0
116
12
46
45
12
154
99
29
39
1

117
295
18
473
448
326
12
6
31
31
25
6
31
43
92
31
49
381
319
135
31
559
68
6
1,376
633
657
61
49
749
37
68
6
713
74
283
276
74
946
608
178
240
6

136
343
21
550
521
379
14
6
36
36
29
7
36
50
107
36
57
443
371
157
36
650
79
6
1,600
736
764
71
57
871
43
79
6
829
86
329
321
86
1,100
707
207
279
7

COVID-19 Cases by Zip Code
Zip

29544
29545
29546
29547
29550
29554
29555
29556
29560
29563
29564
29565
29566
29567
29568
29569
29570
29571
29572
29574
29575
29576
29577
29579
29580
29581
29582
29583
29584
29585
29588
29590
29591
29592
29593
29594
29596
29601
29605
29607
29609
29611
29615

Rep. Cases

Est. Cases

Total Cases

6
8
7
14
105
37
15
161
72
16
4
31
21
4
44
102
17
39
11
25
22
30
37
43
10
17
18
23
8
15
41
13
36
3
2
0
9
41
168
91
139
274
90

37
49
43
86
645
227
92
989
442
98
25
190
129
25
270
627
104
240
68
154
135
184
227
264
61
104
111
141
49
92
252
80
221
18
12
6
55
252
1,032
559
854
1,683
553

43
57
50
100
750
264
107
1,150
514
114
29
221
150
29
314
729
121
279
79
179
157
214
264
307
71
121
129
164
57
107
293
93
257
21
14
6
64
293
1,200
650
993
1,957
643

COVID-19 Cases by Zip Code
Zip

29617
29620
29621
29624
29625
29626
29627
29628
29630
29631
29634
29635
29638
29639
29640
29642
29643
29644
29645
29646
29649
29650
29651
29653
29654
29655
29657
29658
29661
29662
29664
29665
29666
29667
29669
29670
29671
29672
29673
29676
29678
29680
29681

Rep. Cases

Est. Cases

Total Cases

147
33
62
28
31
10
21
5
3
5
0
2
2
2
57
81
1
41
19
87
36
86
137
6
10
17
13
0
13
29
0
0
9
0
32
6
24
7
80
6
17
75
108

903
203
381
172
190
61
129
31
18
31
6
12
12
12
350
498
6
252
117
534
221
528
842
6
61
104
80
6
80
178
6
6
55
6
197
37
147
43
491
37
104
461
663

1,050
236
443
200
221
71
150
36
21
36
6
14
14
14
407
579
7
293
136
621
257
614
979
12
71
121
93
6
93
207
6
6
64
6
229
43
171
50
571
43
121
536
771

COVID-19 Cases by Zip Code
Zip

29682
29683
29684
29685
29686
29687
29689
29690
29691
29692
29693
29696
29697
29702
29704
29706
29707
29708
29709
29710
29712
29714
29715
29717
29718
29720
29726
29727
29728
29729
29730
29732
29741
29742
29743
29745
29801
29803
29805
29809
29810
29812
29817

Rep. Cases

Est. Cases

Total Cases

3
1
5
0
0
117
2
38
6
9
14
3
13
5
4
27
34
47
31
52
5
12
52
3
12
128
0
2
20
6
90
131
5
3
1
32
35
38
3
2
16
20
19

18
6
31
6
6
719
12
233
37
55
86
18
80
31
25
166
209
289
190
319
31
74
319
18
74
786
6
6
123
37
553
805
31
18
6
197
215
233
18
12
98
123
117

21
7
36
6
6
836
14
271
43
64
100
21
93
36
29
193
243
336
221
371
36
86
371
21
86
914
6
8
143
43
643
936
36
21
7
229
250
271
21
14
114
143
136

COVID-19 Cases by Zip Code
Zip

29819
29821
29824
29827
29828
29829
29831
29832
29835
29836
29838
29840
29841
29842
29843
29845
29847
29848
29849
29851
29853
29856
29860
29902
29904
29906
29907
29909
29910
29911
29912
29915
29916
29918
29920
29921
29922
29923
29924
29926
29927
29928
29929

Rep. Cases

Est. Cases

Total Cases

2
0
9
16
0
18
4
26
9
0
1
0
48
7
0
0
6
2
2
9
10
2
20
97
0
58
30
25
95
2
1
1
1
9
19
0
3
1
12
39
19
14
4

6
6
55
98
6
111
25
160
55
6
6
6
295
43
6
6
37
6
6
55
61
12
123
596
6
356
184
154
584
12
6
6
6
55
117
6
18
6
74
240
117
86
25

8
6
64
114
6
129
29
186
64
6
7
6
343
50
6
6
43
8
8
64
71
14
143
693
6
414
214
179
679
14
7
7
7
64
136
6
21
7
86
279
136
100
29

COVID-19 Cases by Zip Code
Zip

29932
29934
29935
29936
29940
29941
29943
29944
29945

Rep. Cases

Est. Cases

Total Cases

1
2
11
20
3
1
1
8
7

6
12
68
123
18
6
6
49
43

7
14
79
143
21
7
7
57
50

