COVID-19 Cases, by Zip Code
Reported Cases
0 Cases
1 - 5 Cases
6 - 15 Cases
16 - 40 Cases
>40 Cases

© OpenStreetMap

COVID-19 Cases by Zip Code
Zip

29001
29003
29006
29009
29010
29014
29015
29016
29018
29020
29030
29031
29032
29033
29036
29037
29038
29039
29040
29042
29044
29045
29047
29048
29051
29052
29053
29054
29055
29056
29058
29059
29061
29063
29065
29067
29069
29070
29072
29073
29074
29075
29078

Rep. Cases

Est. Cases

Total Cases

12
11
27
9
195
10
9
73
6
154
4
2
10
16
64
0
4
10
26
18
18
130
10
11
8
7
60
16
35
6
7
14
44
69
2
15
19
29
125
100
0
4
59

74
68
166
55
1,198
61
55
448
37
946
25
12
61
98
393
6
25
61
160
111
111
799
61
68
49
43
369
98
215
37
43
86
270
424
12
92
117
178
768
614
6
25
362

86
79
193
64
1,393
71
64
521
43
1,100
29
14
71
114
457
6
29
71
186
129
129
929
71
79
57
50
429
114
250
43
50
100
314
493
14
107
136
207
893
714
6
29
421

COVID-19 Cases by Zip Code
Zip

29080
29081
29082
29101
29102
29104
29105
29107
29108
29111
29112
29113
29114
29115
29118
29122
29123
29125
29126
29127
29128
29129
29130
29133
29135
29137
29138
29142
29145
29146
29148
29150
29152
29153
29154
29160
29161
29162
29163
29164
29166
29168
29169

Rep. Cases

Est. Cases

Total Cases

25
0
0
12
195
6
3
4
40
4
18
1
13
89
34
0
9
13
1
15
35
7
120
1
12
13
138
12
1
2
73
144
3
59
114
25
41
13
13
11
0
9
115

154
6
6
74
1,198
37
18
25
246
25
111
6
80
547
209
6
55
80
6
92
215
43
737
6
74
80
848
74
6
12
448
885
18
362
700
154
252
80
80
68
6
55
706

179
6
6
86
1,393
43
21
29
286
29
129
7
93
636
243
6
64
93
7
107
250
50
857
7
86
93
986
86
7
14
521
1,029
21
421
814
179
293
93
93
79
6
64
821

COVID-19 Cases by Zip Code
Zip

29170
29172
29175
29178
29180
29201
29203
29204
29205
29206
29207
29208
29209
29210
29212
29223
29229
29301
29302
29303
29306
29307
29316
29321
29322
29323
29325
29330
29332
29333
29334
29335
29340
29341
29346
29349
29351
29353
29355
29356
29360
29365
29369

Rep. Cases

Est. Cases

Total Cases

58
29
1
5
51
73
176
75
52
41
114
2
96
156
59
316
221
74
29
64
41
32
55
1
13
23
23
8
1
0
36
5
24
16
0
116
0
3
1
15
21
31
22

356
178
6
31
313
448
1,081
461
319
252
700
12
590
958
362
1,941
1,358
455
178
393
252
197
338
6
80
141
141
49
6
6
221
31
147
98
6
713
6
18
6
92
129
190
135

414
207
7
36
364
521
1,257
536
371
293
814
14
686
1,114
421
2,257
1,579
529
207
457
293
229
393
7
93
164
164
57
7
6
257
36
171
114
6
829
6
21
7
107
150
221
157

COVID-19 Cases by Zip Code
Zip

29370
29372
29374
29375
29376
29377
29379
29384
29385
29388
29401
29403
29404
29405
29406
29407
29409
29410
29412
29414
29418
29420
29424
29425
29426
29429
29431
29432
29434
29435
29436
29437
29438
29439
29440
29445
29446
29448
29449
29450
29451
29452
29453

Rep. Cases

Est. Cases

Total Cases

3
10
6
1
21
0
33
1
43
23
22
36
4
44
60
66
1
57
44
50
54
44
0
30
1
7
1
2
0
6
2
1
1
2
47
49
2
3
14
3
7
1
1

18
61
37
6
129
6
203
6
264
141
135
221
25
270
369
405
6
350
270
307
332
270
6
184
6
43
6
12
6
37
12
6
6
12
289
301
12
18
86
18
43
6
6

21
71
43
7
150
6
236
7
307
164
157
257
29
314
429
471
7
407
314
357
386
314
6
214
7
50
7
14
6
43
14
7
7
14
336
350
14
21
100
21
50
7
7

COVID-19 Cases by Zip Code
Zip

29455
29456
29458
29461
29464
29466
29468
29469
29470
29471
29472
29474
29475
29477
29479
29481
29482
29483
29485
29486
29487
29488
29492
29493
29501
29505
29506
29510
29511
29512
29516
29518
29519
29520
29525
29526
29527
29530
29532
29536
29540
29541
29543

Rep. Cases

Est. Cases

Total Cases

19
51
3
78
75
54
2
0
6
5
4
1
5
7
15
7
8
66
54
22
5
93
12
0
227
105
107
10
8
125
6
11
0
125
12
46
46
12
155
102
29
40
1

117
313
18
479
461
332
12
6
37
31
25
6
31
43
92
43
49
405
332
135
31
571
74
6
1,394
645
657
61
49
768
37
68
6
768
74
283
283
74
952
627
178
246
6

136
364
21
557
536
386
14
6
43
36
29
7
36
50
107
50
57
471
386
157
36
664
86
6
1,621
750
764
71
57
893
43
79
6
893
86
329
329
86
1,107
729
207
286
7

COVID-19 Cases by Zip Code
Zip

29544
29545
29546
29547
29550
29554
29555
29556
29560
29563
29564
29565
29566
29567
29568
29569
29570
29571
29572
29574
29575
29576
29577
29579
29580
29581
29582
29583
29584
29585
29588
29590
29591
29592
29593
29594
29596
29601
29605
29607
29609
29611
29615

Rep. Cases

Est. Cases

Total Cases

6
9
7
16
106
37
15
162
72
16
4
31
21
4
49
104
17
39
11
26
22
30
41
46
10
17
18
23
10
15
42
13
37
3
2
0
9
41
171
96
141
287
91

37
55
43
98
651
227
92
995
442
98
25
190
129
25
301
639
104
240
68
160
135
184
252
283
61
104
111
141
61
92
258
80
227
18
12
6
55
252
1,050
590
866
1,763
559

43
64
50
114
757
264
107
1,157
514
114
29
221
150
29
350
743
121
279
79
186
157
214
293
329
71
121
129
164
71
107
300
93
264
21
14
6
64
293
1,221
686
1,007
2,050
650

COVID-19 Cases by Zip Code
Zip

29617
29620
29621
29624
29625
29626
29627
29628
29630
29631
29634
29635
29638
29639
29640
29642
29643
29644
29645
29646
29649
29650
29651
29653
29654
29655
29657
29658
29661
29662
29664
29665
29666
29667
29669
29670
29671
29672
29673
29676
29678
29680
29681

Rep. Cases

Est. Cases

Total Cases

151
34
68
29
33
10
21
5
3
5
0
2
2
2
57
83
1
41
19
94
37
89
144
6
10
17
13
0
16
29
0
0
10
0
35
6
23
7
83
6
17
76
109

928
209
418
178
203
61
129
31
18
31
6
12
12
12
350
510
6
252
117
577
227
547
885
6
61
104
80
6
98
178
6
6
61
6
215
37
141
43
510
37
104
467
670

1,079
243
486
207
236
71
150
36
21
36
6
14
14
14
407
593
7
293
136
671
264
636
1,029
12
71
121
93
6
114
207
6
6
71
6
250
43
164
50
593
43
121
543
779

COVID-19 Cases by Zip Code
Zip

29682
29683
29684
29685
29686
29687
29689
29690
29691
29692
29693
29696
29697
29702
29704
29706
29707
29708
29709
29710
29712
29714
29715
29717
29718
29720
29726
29727
29728
29729
29730
29732
29741
29742
29743
29745
29801
29803
29805
29809
29810
29812
29817

Rep. Cases

Est. Cases

Total Cases

3
1
5
0
0
122
2
38
6
9
14
3
14
6
5
27
36
47
32
53
5
12
52
3
12
134
0
4
20
6
92
134
5
3
1
32
35
40
3
3
16
20
20

18
6
31
6
6
749
12
233
37
55
86
18
86
37
31
166
221
289
197
326
31
74
319
18
74
823
6
6
123
37
565
823
31
18
6
197
215
246
18
18
98
123
123

21
7
36
6
6
871
14
271
43
64
100
21
100
43
36
193
257
336
229
379
36
86
371
21
86
957
6
10
143
43
657
957
36
21
7
229
250
286
21
21
114
143
143

COVID-19 Cases by Zip Code
Zip

29819
29821
29824
29827
29828
29829
29831
29832
29835
29836
29838
29840
29841
29842
29843
29845
29847
29848
29849
29851
29853
29856
29860
29902
29904
29906
29907
29909
29910
29911
29912
29915
29916
29918
29920
29921
29922
29923
29924
29926
29927
29928
29929

Rep. Cases

Est. Cases

Total Cases

2
0
9
17
0
18
4
26
9
0
1
0
49
7
0
0
7
2
2
9
10
2
20
97
0
59
30
25
97
2
1
1
1
9
20
0
3
1
12
39
19
14
4

6
6
55
104
6
111
25
160
55
6
6
6
301
43
6
6
43
6
6
55
61
12
123
596
6
362
184
154
596
12
6
6
6
55
123
6
18
6
74
240
117
86
25

8
6
64
121
6
129
29
186
64
6
7
6
350
50
6
6
50
8
8
64
71
14
143
693
6
421
214
179
693
14
7
7
7
64
143
6
21
7
86
279
136
100
29

COVID-19 Cases by Zip Code
Zip

29932
29934
29935
29936
29940
29941
29943
29944
29945

Rep. Cases

Est. Cases

Total Cases

1
2
11
20
3
1
1
8
8

6
12
68
123
18
6
6
49
49

7
14
79
143
21
7
7
57
57

