COVID-19 Cases, by Zip Code
Reported Cases
0 Cases
1 - 5 Cases
6 - 15 Cases
16 - 40 Cases
>40 Cases

© OpenStreetMap

COVID-19 Cases by Zip Code
Zip

29001
29003
29006
29009
29010
29014
29015
29016
29018
29020
29030
29031
29032
29033
29036
29037
29038
29039
29040
29042
29044
29045
29047
29048
29051
29052
29053
29054
29055
29056
29058
29059
29061
29063
29065
29067
29069
29070
29072
29073
29074
29075
29078

Rep. Cases

Est. Cases

Total Cases

12
11
29
11
195
11
10
77
6
159
5
2
12
22
69
1
4
11
27
18
17
137
13
11
8
7
72
17
38
6
8
14
45
74
3
16
19
30
140
107
0
5
62

74
68
178
68
1,198
68
61
473
37
977
31
12
74
135
424
6
25
68
166
111
104
842
80
68
49
43
442
104
233
37
49
86
276
455
18
98
117
184
860
657
6
31
381

86
79
207
79
1,393
79
71
550
43
1,136
36
14
86
157
493
7
29
79
193
129
121
979
93
79
57
50
514
121
271
43
57
100
321
529
21
114
136
214
1,000
764
6
36
443

COVID-19 Cases by Zip Code
Zip

29080
29081
29082
29101
29102
29104
29105
29107
29108
29111
29112
29113
29114
29115
29118
29122
29123
29125
29126
29127
29128
29129
29130
29133
29135
29137
29138
29142
29145
29146
29148
29150
29152
29153
29154
29160
29161
29162
29163
29164
29166
29168
29169

Rep. Cases

Est. Cases

Total Cases

25
0
0
12
199
8
3
4
42
4
19
1
13
99
36
0
9
14
1
18
39
8
121
1
13
12
140
16
1
2
74
155
3
63
121
26
43
13
15
11
0
12
123

154
6
6
74
1,222
49
18
25
258
25
117
6
80
608
221
6
55
86
6
111
240
49
743
6
80
74
860
98
6
12
455
952
18
387
743
160
264
80
92
68
6
74
756

179
6
6
86
1,421
57
21
29
300
29
136
7
93
707
257
6
64
100
7
129
279
57
864
7
93
86
1,000
114
7
14
529
1,107
21
450
864
186
307
93
107
79
6
86
879

COVID-19 Cases by Zip Code
Zip

29170
29172
29175
29178
29180
29201
29203
29204
29205
29206
29207
29208
29209
29210
29212
29223
29229
29301
29302
29303
29306
29307
29316
29321
29322
29323
29325
29330
29332
29333
29334
29335
29340
29341
29346
29349
29351
29353
29355
29356
29360
29365
29369

Rep. Cases

Est. Cases

Total Cases

69
30
1
5
63
110
182
77
68
45
121
2
102
161
66
328
224
81
30
68
44
33
58
1
13
27
27
11
1
0
38
5
25
32
0
121
0
3
4
15
23
32
23

424
184
6
31
387
676
1,118
473
418
276
743
12
627
989
405
2,015
1,376
498
184
418
270
203
356
6
80
166
166
68
6
6
233
31
154
197
6
743
6
18
25
92
141
197
141

493
214
7
36
450
786
1,300
550
486
321
864
14
729
1,150
471
2,343
1,600
579
214
486
314
236
414
7
93
193
193
79
7
6
271
36
179
229
6
864
6
21
29
107
164
229
164

COVID-19 Cases by Zip Code
Zip

29370
29372
29374
29375
29376
29377
29379
29384
29385
29388
29401
29403
29404
29405
29406
29407
29409
29410
29412
29414
29418
29420
29424
29425
29426
29429
29431
29432
29434
29435
29436
29437
29438
29439
29440
29445
29446
29448
29449
29450
29451
29452
29453

Rep. Cases

Est. Cases

Total Cases

3
11
8
1
22
0
34
3
46
23
22
44
4
45
71
67
1
60
44
59
62
51
0
35
1
8
1
2
0
6
2
1
1
2
47
51
2
3
15
3
7
1
1

18
68
49
6
135
6
209
18
283
141
135
270
25
276
436
412
6
369
270
362
381
313
6
215
6
49
6
12
6
37
12
6
6
12
289
313
12
18
92
18
43
6
6

21
79
57
7
157
6
243
21
329
164
157
314
29
321
507
479
7
429
314
421
443
364
6
250
7
57
7
14
6
43
14
7
7
14
336
364
14
21
107
21
50
7
7

COVID-19 Cases by Zip Code
Zip

29455
29456
29458
29461
29464
29466
29468
29469
29470
29471
29472
29474
29475
29477
29479
29481
29482
29483
29485
29486
29487
29488
29492
29493
29501
29505
29506
29510
29511
29512
29516
29518
29519
29520
29525
29526
29527
29530
29532
29536
29540
29541
29543

Rep. Cases

Est. Cases

Total Cases

21
57
3
80
79
56
2
0
6
5
4
1
5
10
15
7
8
71
57
23
5
101
12
0
232
107
112
12
9
133
6
11
0
139
12
52
51
12
161
109
30
41
2

129
350
18
491
485
344
12
6
37
31
25
6
31
61
92
43
49
436
350
141
31
620
74
6
1,425
657
688
74
55
817
37
68
6
854
74
319
313
74
989
670
184
252
6

150
407
21
571
564
400
14
6
43
36
29
7
36
71
107
50
57
507
407
164
36
721
86
6
1,657
764
800
86
64
950
43
79
6
993
86
371
364
86
1,150
779
214
293
8

COVID-19 Cases by Zip Code
Zip

29544
29545
29546
29547
29550
29554
29555
29556
29560
29563
29564
29565
29566
29567
29568
29569
29570
29571
29572
29574
29575
29576
29577
29579
29580
29581
29582
29583
29584
29585
29588
29590
29591
29592
29593
29594
29596
29601
29605
29607
29609
29611
29615

Rep. Cases

Est. Cases

Total Cases

7
9
7
17
113
38
15
168
76
16
4
33
26
4
57
114
19
40
13
27
22
32
45
54
10
21
22
24
11
15
46
13
38
6
2
0
9
44
184
102
158
316
100

43
55
43
104
694
233
92
1,032
467
98
25
203
160
25
350
700
117
246
80
166
135
197
276
332
61
129
135
147
68
92
283
80
233
37
12
6
55
270
1,130
627
971
1,941
614

50
64
50
121
807
271
107
1,200
543
114
29
236
186
29
407
814
136
286
93
193
157
229
321
386
71
150
157
171
79
107
329
93
271
43
14
6
64
314
1,314
729
1,129
2,257
714

COVID-19 Cases by Zip Code
Zip

29617
29620
29621
29624
29625
29626
29627
29628
29630
29631
29634
29635
29638
29639
29640
29642
29643
29644
29645
29646
29649
29650
29651
29653
29654
29655
29657
29658
29661
29662
29664
29665
29666
29667
29669
29670
29671
29672
29673
29676
29678
29680
29681

Rep. Cases

Est. Cases

Total Cases

166
35
70
31
35
10
21
6
3
5
0
4
2
2
61
84
1
43
19
101
40
96
154
7
10
17
16
0
18
33
0
0
11
0
38
7
24
7
88
6
17
81
120

1,020
215
430
190
215
61
129
37
18
31
6
25
12
12
375
516
6
264
117
620
246
590
946
6
61
104
98
6
111
203
6
6
68
6
233
43
147
43
541
37
104
498
737

1,186
250
500
221
250
71
150
43
21
36
6
29
14
14
436
600
7
307
136
721
286
686
1,100
13
71
121
114
6
129
236
6
6
79
6
271
50
171
50
629
43
121
579
857

COVID-19 Cases by Zip Code
Zip

29682
29683
29684
29685
29686
29687
29689
29690
29691
29692
29693
29696
29697
29702
29704
29706
29707
29708
29709
29710
29712
29714
29715
29717
29718
29720
29726
29727
29728
29729
29730
29732
29741
29742
29743
29745
29801
29803
29805
29809
29810
29812
29817

Rep. Cases

Est. Cases

Total Cases

4
1
5
0
0
127
2
40
6
9
15
3
16
6
5
30
40
49
34
57
5
12
55
3
13
142
0
5
22
6
104
137
5
3
1
33
32
38
2
3
16
21
25

25
6
31
6
6
780
12
246
37
55
92
18
98
37
31
184
246
301
209
350
31
74
338
18
80
872
6
6
135
37
639
842
31
18
6
203
197
233
12
18
98
129
154

29
7
36
6
6
907
14
286
43
64
107
21
114
43
36
214
286
350
243
407
36
86
393
21
93
1,014
6
11
157
43
743
979
36
21
7
236
229
271
14
21
114
150
179

COVID-19 Cases by Zip Code
Zip

29819
29821
29824
29827
29828
29829
29831
29832
29835
29836
29838
29840
29841
29842
29843
29845
29847
29848
29849
29851
29853
29856
29860
29902
29904
29906
29907
29909
29910
29911
29912
29915
29916
29918
29920
29921
29922
29923
29924
29926
29927
29928
29929

Rep. Cases

Est. Cases

Total Cases

2
0
9
16
0
19
4
26
9
0
1
0
49
7
0
0
8
2
2
9
10
2
20
99
0
59
30
25
103
2
1
1
1
9
21
0
3
1
12
44
21
14
4

6
6
55
98
6
117
25
160
55
6
6
6
301
43
6
6
49
6
6
55
61
12
123
608
6
362
184
154
633
12
6
6
6
55
129
6
18
6
74
270
129
86
25

8
6
64
114
6
136
29
186
64
6
7
6
350
50
6
6
57
8
8
64
71
14
143
707
6
421
214
179
736
14
7
7
7
64
150
6
21
7
86
314
150
100
29

COVID-19 Cases by Zip Code
Zip

29932
29934
29935
29936
29940
29941
29943
29944
29945

Rep. Cases

Est. Cases

Total Cases

1
2
11
20
3
1
1
8
12

6
12
68
123
18
6
6
49
74

7
14
79
143
21
7
7
57
86

