COVID-19 Cases, by Zip Code
Reported Cases
0 Cases
1 - 5 Cases
6 - 15 Cases
16 - 40 Cases
>40 Cases

© OpenStreetMap

COVID-19 Cases by Zip Code
Zip

29001
29003
29006
29009
29010
29014
29015
29016
29018
29020
29030
29031
29032
29033
29036
29037
29038
29039
29040
29042
29044
29045
29047
29048
29051
29052
29053
29054
29055
29056
29058
29059
29061
29063
29065
29067
29069
29070
29072
29073
29074
29075
29078

Rep. Cases

Est. Cases

Total Cases

13
18
35
11
203
12
15
95
5
180
9
2
17
41
88
2
5
14
38
24
22
175
29
16
11
7
96
26
41
9
9
16
55
110
3
20
21
46
226
151
0
10
72

80
111
215
68
1,247
74
92
584
31
1,106
55
12
104
252
541
12
31
86
233
147
135
1,075
178
98
68
43
590
160
252
55
55
98
338
676
18
123
129
283
1,388
928
6
61
442

93
129
250
79
1,450
86
107
679
36
1,286
64
14
121
293
629
14
36
100
271
171
157
1,250
207
114
79
50
686
186
293
64
64
114
393
786
21
143
150
329
1,614
1,079
6
71
514

COVID-19 Cases by Zip Code
Zip

29080
29081
29082
29101
29102
29104
29105
29107
29108
29111
29112
29113
29114
29115
29118
29122
29123
29125
29126
29127
29128
29129
29130
29133
29135
29137
29138
29142
29145
29146
29148
29150
29152
29153
29154
29160
29161
29162
29163
29164
29166
29168
29169

Rep. Cases

Est. Cases

Total Cases

27
0
4
12
214
8
3
11
55
4
30
1
13
143
42
0
16
19
2
19
57
11
124
2
21
13
149
22
1
3
75
220
3
83
165
30
47
17
16
17
0
18
167

166
6
25
74
1,315
49
18
68
338
25
184
6
80
878
258
6
98
117
12
117
350
68
762
12
129
80
915
135
6
18
461
1,351
18
510
1,014
184
289
104
98
104
6
111
1,026

193
6
29
86
1,529
57
21
79
393
29
214
7
93
1,021
300
6
114
136
14
136
407
79
886
14
150
93
1,064
157
7
21
536
1,571
21
593
1,179
214
336
121
114
121
6
129
1,193

COVID-19 Cases by Zip Code
Zip

29170
29172
29175
29178
29180
29201
29203
29204
29205
29206
29207
29208
29209
29210
29212
29223
29229
29301
29302
29303
29306
29307
29316
29321
29322
29323
29325
29330
29332
29333
29334
29335
29340
29341
29346
29349
29351
29353
29355
29356
29360
29365
29369

Rep. Cases

Est. Cases

Total Cases

107
40
1
6
76
219
193
99
118
84
165
3
138
176
85
377
263
104
50
107
52
41
68
1
17
35
55
18
2
0
55
7
29
48
0
140
1
3
5
19
38
40
33

657
246
6
37
467
1,345
1,186
608
725
516
1,014
18
848
1,081
522
2,316
1,616
639
307
657
319
252
418
6
104
215
338
111
12
6
338
43
178
295
6
860
6
18
31
117
233
246
203

764
286
7
43
543
1,564
1,379
707
843
600
1,179
21
986
1,257
607
2,693
1,879
743
357
764
371
293
486
7
121
250
393
129
14
6
393
50
207
343
6
1,000
7
21
36
136
271
286
236

COVID-19 Cases by Zip Code
Zip

29370
29372
29374
29375
29376
29377
29379
29384
29385
29388
29401
29403
29404
29405
29406
29407
29409
29410
29412
29414
29418
29420
29424
29425
29426
29429
29431
29432
29434
29435
29436
29437
29438
29439
29440
29445
29446
29448
29449
29450
29451
29452
29453

Rep. Cases

Est. Cases

Total Cases

3
13
10
1
26
0
39
3
59
35
39
84
5
61
124
84
1
89
58
86
81
75
0
51
4
10
2
6
0
12
6
1
1
2
67
101
3
3
19
4
8
1
1

18
80
61
6
160
6
240
18
362
215
240
516
31
375
762
516
6
547
356
528
498
461
6
313
25
61
12
37
6
74
37
6
6
12
412
620
18
18
117
25
49
6
6

21
93
71
7
186
6
279
21
421
250
279
600
36
436
886
600
7
636
414
614
579
536
6
364
29
71
14
43
6
86
43
7
7
14
479
721
21
21
136
29
57
7
7

COVID-19 Cases by Zip Code
Zip

29455
29456
29458
29461
29464
29466
29468
29469
29470
29471
29472
29474
29475
29477
29479
29481
29482
29483
29485
29486
29487
29488
29492
29493
29501
29505
29506
29510
29511
29512
29516
29518
29519
29520
29525
29526
29527
29530
29532
29536
29540
29541
29543

Rep. Cases

Est. Cases

Total Cases

39
85
6
89
104
83
2
0
10
5
6
2
7
12
17
19
8
93
76
42
5
140
19
2
277
129
118
17
20
152
6
13
0
160
15
121
82
17
171
115
32
45
3

240
522
37
547
639
510
12
6
61
31
37
12
43
74
104
117
49
571
467
258
31
860
117
12
1,702
792
725
104
123
934
37
80
6
983
92
743
504
104
1,050
706
197
276
18

279
607
43
636
743
593
14
6
71
36
43
14
50
86
121
136
57
664
543
300
36
1,000
136
14
1,979
921
843
121
143
1,086
43
93
6
1,143
107
864
586
121
1,221
821
229
321
21

COVID-19 Cases by Zip Code
Zip

29544
29545
29546
29547
29550
29554
29555
29556
29560
29563
29564
29565
29566
29567
29568
29569
29570
29571
29572
29574
29575
29576
29577
29579
29580
29581
29582
29583
29584
29585
29588
29590
29591
29592
29593
29594
29596
29601
29605
29607
29609
29611
29615

Rep. Cases

Est. Cases

Total Cases

9
12
9
19
121
50
18
181
85
16
4
39
63
5
123
161
20
49
33
39
37
56
106
136
11
23
59
25
13
48
102
13
41
7
3
0
13
100
312
158
215
464
131

55
74
55
117
743
307
111
1,112
522
98
25
240
387
31
756
989
123
301
203
240
227
344
651
835
68
141
362
154
80
295
627
80
252
43
18
6
80
614
1,917
971
1,321
2,850
805

64
86
64
136
864
357
129
1,293
607
114
29
279
450
36
879
1,150
143
350
236
279
264
400
757
971
79
164
421
179
93
343
729
93
293
50
21
6
93
714
2,229
1,129
1,536
3,314
936

COVID-19 Cases by Zip Code
Zip

29617
29620
29621
29624
29625
29626
29627
29628
29630
29631
29634
29635
29638
29639
29640
29642
29643
29644
29645
29646
29649
29650
29651
29653
29654
29655
29657
29658
29661
29662
29664
29665
29666
29667
29669
29670
29671
29672
29673
29676
29678
29680
29681

Rep. Cases

Est. Cases

Total Cases

284
45
80
35
42
18
27
6
7
12
0
4
2
2
89
115
1
62
28
161
100
134
212
14
17
17
31
0
23
47
0
0
19
0
45
11
36
8
127
7
26
104
146

1,745
276
491
215
258
111
166
37
43
74
6
25
12
12
547
706
6
381
172
989
614
823
1,302
86
104
104
190
6
141
289
6
6
117
6
276
68
221
49
780
43
160
639
897

2,029
321
571
250
300
129
193
43
50
86
6
29
14
14
636
821
7
443
200
1,150
714
957
1,514
100
121
121
221
6
164
336
6
6
136
6
321
79
257
57
907
50
186
743
1,043

COVID-19 Cases by Zip Code
Zip

29682
29683
29684
29685
29686
29687
29689
29690
29691
29692
29693
29696
29697
29702
29704
29706
29707
29708
29709
29710
29712
29714
29715
29717
29718
29720
29726
29727
29728
29729
29730
29732
29741
29742
29743
29745
29801
29803
29805
29809
29810
29812
29817

Rep. Cases

Est. Cases

Total Cases

8
1
6
2
0
185
3
53
17
11
16
5
31
9
7
42
50
61
36
90
5
14
84
4
18
184
1
6
40
8
148
167
5
3
2
53
34
41
3
3
16
22
24

49
6
37
12
6
1,136
18
326
104
68
98
31
190
55
43
258
307
375
221
553
31
86
516
25
111
1,130
6
37
246
49
909
1,026
31
18
12
326
209
252
18
18
98
135
147

57
7
43
14
6
1,321
21
379
121
79
114
36
221
64
50
300
357
436
257
643
36
100
600
29
129
1,314
7
43
286
57
1,057
1,193
36
21
14
379
243
293
21
21
114
157
171

COVID-19 Cases by Zip Code
Zip

29819
29821
29824
29827
29828
29829
29831
29832
29835
29836
29838
29840
29841
29842
29843
29845
29847
29848
29849
29851
29853
29856
29860
29902
29904
29906
29907
29909
29910
29911
29912
29915
29916
29918
29920
29921
29922
29923
29924
29926
29927
29928
29929

Rep. Cases

Est. Cases

Total Cases

2
0
11
17
0
21
5
26
10
0
1
0
57
8
0
0
9
2
2
10
10
2
23
119
1
69
33
30
154
2
1
1
2
10
29
0
3
1
13
86
25
30
4

12
6
68
104
6
129
31
160
61
6
6
6
350
49
6
6
55
12
12
61
61
12
141
731
6
424
203
184
946
12
6
6
12
61
178
6
18
6
80
528
154
184
25

14
6
79
121
6
150
36
186
71
6
7
6
407
57
6
6
64
14
14
71
71
14
164
850
7
493
236
214
1,100
14
7
7
14
71
207
6
21
7
93
614
179
214
29

COVID-19 Cases by Zip Code
Zip

29932
29934
29935
29936
29940
29941
29943
29944
29945

Rep. Cases

Est. Cases

Total Cases

1
2
11
24
4
1
1
10
18

6
12
68
147
25
6
6
61
111

7
14
79
171
29
7
7
71
129

