COVID-19 Confirmed Cases, by Zip Code
Reported Cases
0 Cases
1 - 50 Cases
51 - 99 Cases
100-249 Cases
250-500 Cases
>500 Cases

© OpenStreetMap

COVID-19 Confirmed Cases, by Zip Code
Zip

29001
29003
29006
29009
29010
29014
29015
29016
29018
29020
29030
29031
29032
29033
29036
29037
29038
29039
29040
29042
29044
29045
29047
29048
29051
29052
29053
29054
29055
29056
29058
29059
29061
29063
29065
29067
29069
29070
29072
29073
29074
29075
29078

Rep. Cases

Est. Cases

Total Cases

36
186
138
27
312
28
33
254
66
410
47
12
45
199
304
11
39
61
113
110
67
351
97
60
16
26
305
119
64
28
30
93
166
403
9
78
67
188
738
554
1
48
218

221
1,143
848
166
1,917
172
203
1,560
405
2,519
289
74
276
1,222
1,867
68
240
375
694
676
412
2,156
596
369
98
160
1,874
731
393
172
184
571
1,020
2,476
55
479
412
1,155
4,533
3,403
6
295
1,339

257
1,329
986
193
2,229
200
236
1,814
471
2,929
336
86
321
1,421
2,171
79
279
436
807
786
479
2,507
693
429
114
186
2,179
850
457
200
214
664
1,186
2,879
64
557
479
1,343
5,271
3,957
7
343
1,557

COVID-19 Confirmed Cases, by Zip Code
Zip

29080
29081
29082
29101
29102
29104
29105
29107
29108
29111
29112
29113
29114
29115
29118
29122
29123
29125
29126
29127
29128
29129
29130
29133
29135
29137
29138
29142
29145
29146
29148
29150
29152
29153
29154
29160
29161
29162
29163
29164
29166
29168
29169

Rep. Cases

Est. Cases

Total Cases

58
17
12
43
351
16
17
37
360
19
115
30
39
613
274
0
81
53
19
116
128
23
165
17
171
27
317
102
6
12
109
704
12
287
438
87
159
68
39
41
4
47
399

356
104
74
264
2,156
98
104
227
2,211
117
706
184
240
3,766
1,683
6
498
326
117
713
786
141
1,014
104
1,050
166
1,947
627
37
74
670
4,325
74
1,763
2,691
534
977
418
240
252
25
289
2,451

414
121
86
307
2,507
114
121
264
2,571
136
821
214
279
4,379
1,957
6
579
379
136
829
914
164
1,179
121
1,221
193
2,264
729
43
86
779
5,029
86
2,050
3,129
621
1,136
486
279
293
29
336
2,850

COVID-19 Confirmed Cases, by Zip Code
Zip

29170
29172
29175
29178
29180
29201
29203
29204
29205
29206
29207
29208
29209
29210
29212
29223
29229
29301
29302
29303
29306
29307
29316
29321
29322
29323
29325
29330
29332
29333
29334
29335
29340
29341
29346
29349
29351
29353
29355
29356
29360
29365
29369

Rep. Cases

Est. Cases

Total Cases

279
105
1
35
227
441
679
262
340
246
403
9
433
788
296
862
643
350
179
311
169
158
273
26
61
149
394
59
36
11
191
49
147
173
2
362
14
31
11
62
313
163
115

1,714
645
6
215
1,394
2,709
4,171
1,609
2,089
1,511
2,476
55
2,660
4,841
1,818
5,295
3,950
2,150
1,100
1,910
1,038
971
1,677
160
375
915
2,420
362
221
68
1,173
301
903
1,063
12
2,224
86
190
68
381
1,923
1,001
706

1,993
750
7
250
1,621
3,150
4,850
1,871
2,429
1,757
2,879
64
3,093
5,629
2,114
6,157
4,593
2,500
1,279
2,221
1,207
1,129
1,950
186
436
1,064
2,814
421
257
79
1,364
350
1,050
1,236
14
2,586
100
221
79
443
2,236
1,164
821

COVID-19 Confirmed Cases, by Zip Code
Zip

29370
29372
29374
29375
29376
29377
29379
29384
29385
29388
29401
29403
29404
29405
29406
29407
29409
29410
29412
29414
29418
29420
29424
29425
29426
29429
29431
29432
29434
29435
29436
29437
29438
29439
29440
29445
29446
29448
29449
29450
29451
29452
29453

Rep. Cases

Est. Cases

Total Cases

16
51
39
3
89
0
162
33
119
145
225
1,176
20
815
961
811
8
411
838
801
659
520
0
0
44
64
55
40
2
66
35
42
41
32
420
1,058
13
21
232
60
36
7
17

98
313
240
18
547
6
995
203
731
891
1,382
7,224
123
5,006
5,903
4,982
49
2,525
5,148
4,920
4,048
3,194
6
6
270
393
338
246
12
405
215
258
252
197
2,580
6,499
80
129
1,425
369
221
43
104

114
364
279
21
636
6
1,157
236
850
1,036
1,607
8,400
143
5,821
6,864
5,793
57
2,936
5,986
5,721
4,707
3,714
6
6
314
457
393
286
14
471
250
300
293
229
3,000
7,557
93
150
1,657
429
257
50
121

COVID-19 Confirmed Cases, by Zip Code
Zip

29455
29456
29458
29461
29464
29466
29468
29469
29470
29471
29472
29474
29475
29477
29479
29481
29482
29483
29485
29486
29487
29488
29492
29493
29501
29505
29506
29510
29511
29512
29516
29518
29519
29520
29525
29526
29527
29530
29532
29536
29540
29541
29543

Rep. Cases

Est. Cases

Total Cases

528
618
37
574
1,063
500
16
8
94
23
109
22
24
91
99
61
30
769
673
365
67
384
238
3
785
372
301
141
77
232
7
24
14
249
33
888
388
42
305
236
67
118
17

3,243
3,796
227
3,526
6,530
3,071
98
49
577
141
670
135
147
559
608
375
184
4,724
4,134
2,242
412
2,359
1,462
18
4,822
2,285
1,849
866
473
1,425
43
147
86
1,530
203
5,455
2,383
258
1,874
1,450
412
725
104

3,771
4,414
264
4,100
7,593
3,571
114
57
671
164
779
157
171
650
707
436
214
5,493
4,807
2,607
479
2,743
1,700
21
5,607
2,657
2,150
1,007
550
1,657
50
171
100
1,779
236
6,343
2,771
300
2,179
1,686
479
843
121

COVID-19 Confirmed Cases, by Zip Code
Zip

29544
29545
29546
29547
29550
29554
29555
29556
29560
29563
29564
29565
29566
29567
29568
29569
29570
29571
29572
29574
29575
29576
29577
29579
29580
29581
29582
29583
29584
29585
29588
29590
29591
29592
29593
29594
29596
29601
29605
29607
29609
29611
29615

Rep. Cases

Est. Cases

Total Cases

77
32
34
47
337
179
48
342
200
39
5
99
385
11
328
424
38
205
244
153
343
593
860
1,022
21
51
395
52
19
252
1,077
30
75
16
9
1
27
325
787
705
561
948
506

473
197
209
289
2,070
1,100
295
2,101
1,229
240
31
608
2,365
68
2,015
2,605
233
1,259
1,499
940
2,107
3,643
5,283
6,278
129
313
2,426
319
117
1,548
6,616
184
461
98
55
6
166
1,996
4,834
4,331
3,446
5,823
3,108

550
229
243
336
2,407
1,279
343
2,443
1,429
279
36
707
2,750
79
2,343
3,029
271
1,464
1,743
1,093
2,450
4,236
6,143
7,300
150
364
2,821
371
136
1,800
7,693
214
536
114
64
7
193
2,321
5,621
5,036
4,007
6,771
3,614

COVID-19 Confirmed Cases, by Zip Code
Zip

29617
29620
29621
29624
29625
29626
29627
29628
29630
29631
29634
29635
29638
29639
29640
29642
29643
29644
29645
29646
29649
29650
29651
29653
29654
29655
29657
29658
29661
29662
29664
29665
29666
29667
29669
29670
29671
29672
29673
29676
29678
29680
29681

Rep. Cases

Est. Cases

Total Cases

691
85
425
150
200
109
129
28
137
240
21
10
10
6
365
393
17
248
117
586
333
458
637
57
58
45
144
1
65
197
5
1
57
6
142
74
130
76
407
32
200
418
657

4,245
522
2,611
921
1,229
670
792
172
842
1,474
129
61
61
37
2,242
2,414
104
1,523
719
3,600
2,046
2,813
3,913
350
356
276
885
6
399
1,210
31
6
350
37
872
455
799
467
2,500
197
1,229
2,568
4,036

4,936
607
3,036
1,071
1,429
779
921
200
979
1,714
150
71
71
43
2,607
2,807
121
1,771
836
4,186
2,379
3,271
4,550
407
414
321
1,029
7
464
1,407
36
7
407
43
1,014
529
929
543
2,907
229
1,429
2,986
4,693

COVID-19 Confirmed Cases, by Zip Code
Zip

29682
29683
29684
29685
29686
29687
29689
29690
29691
29692
29693
29696
29697
29702
29704
29706
29707
29708
29709
29710
29712
29714
29715
29717
29718
29720
29726
29727
29728
29729
29730
29732
29741
29742
29743
29745
29801
29803
29805
29809
29810
29812
29817

Rep. Cases

Est. Cases

Total Cases

32
2
25
11
3
603
21
211
120
39
82
41
146
34
35
221
173
282
71
308
19
41
312
10
38
560
4
16
110
33
605
631
14
13
7
277
208
193
37
16
74
103
92

197
12
154
68
18
3,704
129
1,296
737
240
504
252
897
209
215
1,358
1,063
1,732
436
1,892
117
252
1,917
61
233
3,440
25
98
676
203
3,716
3,876
86
80
43
1,702
1,278
1,186
227
98
455
633
565

229
14
179
79
21
4,307
150
1,507
857
279
586
293
1,043
243
250
1,579
1,236
2,014
507
2,200
136
293
2,229
71
271
4,000
29
114
786
236
4,321
4,507
100
93
50
1,979
1,486
1,379
264
114
529
736
657

COVID-19 Confirmed Cases, by Zip Code
Zip

29819
29821
29824
29827
29828
29829
29831
29832
29835
29836
29838
29840
29841
29842
29843
29845
29847
29848
29849
29851
29853
29856
29860
29902
29904
29906
29907
29909
29910
29911
29912
29915
29916
29918
29920
29921
29922
29923
29924
29926
29927
29928
29929

Rep. Cases

Est. Cases

Total Cases

10
5
49
49
7
73
21
63
67
2
3
4
242
47
10
3
32
6
2
43
38
13
104
449
17
266
123
151
723
22
1
1
4
43
112
0
8
7
53
356
183
164
9

61
31
301
301
43
448
129
387
412
12
18
25
1,487
289
61
18
197
37
12
264
233
80
639
2,758
104
1,634
756
928
4,441
135
6
6
25
264
688
6
49
43
326
2,187
1,124
1,007
55

71
36
350
350
50
521
150
450
479
14
21
29
1,729
336
71
21
229
43
14
307
271
93
743
3,207
121
1,900
879
1,079
5,164
157
7
7
29
307
800
6
57
50
379
2,543
1,307
1,171
64

COVID-19 Confirmed Cases, by Zip Code
Zip

29932
29934
29935
29936
29940
29941
29943
29944
29945

Rep. Cases

Est. Cases

Total Cases

1
19
40
171
51
1
6
42
61

6
117
246
1,050
313
6
37
258
375

7
136
286
1,221
364
7
43
300
436

