COVID-19 Cases, by Zip Code
Reported Cases
0 Cases
1 - 5 Cases
6 - 20 Cases
21 - 40 Cases
> 40 Cases

© OpenStreetMap

COVID-19 Cases by Zip Code
Zip

29001
29003
29006
29009
29010
29014
29015
29016
29018
29020
29030
29031
29032
29033
29036
29037
29038
29039
29040
29042
29044
29045
29047
29048
29051
29052
29053
29054
29055
29056
29058
29059
29061
29063
29065
29067
29069
29070
29072
29073
29074
29075
29078

Rep. Cases

Est. Cases

Total Cases

10
6
18
6
56
2
2
48
1
126
1
0
3
10
44
1
4
4
17
7
12
69
3
10
4
5
36
11
5
2
5
7
28
48
1
10
11
20
80
48
0
3
50

61
37
111
37
344
12
6
295
6
774
6
6
18
61
270
6
25
25
104
43
74
424
18
61
25
31
221
68
31
12
31
43
172
295
6
61
68
123
491
295
6
18
307

71
43
129
43
400
14
8
343
7
900
7
6
21
71
314
7
29
29
121
50
86
493
21
71
29
36
257
79
36
14
36
50
200
343
7
71
79
143
571
343
6
21
357

COVID-19 Cases by Zip Code
Zip

29080
29081
29082
29101
29102
29104
29105
29107
29108
29111
29112
29113
29114
29115
29118
29122
29123
29125
29126
29127
29128
29129
29130
29133
29135
29137
29138
29142
29145
29146
29148
29150
29152
29153
29154
29160
29161
29162
29163
29164
29166
29168
29169

Rep. Cases

Est. Cases

Total Cases

13
0
0
7
167
3
2
3
10
1
16
0
7
25
12
0
5
12
1
10
27
6
22
1
6
9
65
4
1
2
56
82
3
41
78
13
22
9
5
4
0
5
29

80
6
6
43
1,026
18
12
18
61
6
98
6
43
154
74
6
31
74
6
61
166
37
135
6
37
55
399
25
6
12
344
504
18
252
479
80
135
55
31
25
6
31
178

93
6
6
50
1,193
21
14
21
71
7
114
6
50
179
86
6
36
86
7
71
193
43
157
7
43
64
464
29
7
14
400
586
21
293
557
93
157
64
36
29
6
36
207

COVID-19 Cases by Zip Code
Zip

29170
29172
29175
29178
29180
29201
29203
29204
29205
29206
29207
29208
29209
29210
29212
29223
29229
29301
29302
29303
29306
29307
29316
29321
29322
29323
29325
29330
29332
29333
29334
29335
29340
29341
29346
29349
29351
29353
29355
29356
29360
29365
29369

Rep. Cases

Est. Cases

Total Cases

28
19
1
4
21
28
103
49
25
27
56
2
69
92
41
193
154
25
14
17
29
15
31
1
6
18
12
4
1
0
19
5
10
6
0
31
0
1
1
3
12
21
13

172
117
6
25
129
172
633
301
154
166
344
12
424
565
252
1,186
946
154
86
104
178
92
190
6
37
111
74
25
6
6
117
31
61
37
6
190
6
6
6
18
74
129
80

200
136
7
29
150
200
736
350
179
193
400
14
493
657
293
1,379
1,100
179
100
121
207
107
221
7
43
129
86
29
7
6
136
36
71
43
6
221
6
7
7
21
86
150
93

COVID-19 Cases by Zip Code
Zip

29370
29372
29374
29375
29376
29377
29379
29384
29385
29388
29401
29403
29404
29405
29406
29407
29409
29410
29412
29414
29418
29420
29424
29425
29426
29429
29431
29432
29434
29435
29436
29437
29438
29439
29440
29445
29446
29448
29449
29450
29451
29452
29453

Rep. Cases

Est. Cases

Total Cases

2
9
4
1
13
0
24
1
22
13
12
28
2
34
27
38
0
45
41
37
26
28
0
13
0
6
0
1
0
3
2
1
1
2
23
36
1
2
8
1
9
0
1

12
55
25
6
80
6
147
6
135
80
74
172
12
209
166
233
6
276
252
227
160
172
6
80
6
37
6
6
6
18
12
6
6
12
141
221
6
12
49
6
55
6
6

14
64
29
7
93
6
171
7
157
93
86
200
14
243
193
271
6
321
293
264
186
200
6
93
6
43
6
7
6
21
14
7
7
14
164
257
7
14
57
7
64
6
7

COVID-19 Cases by Zip Code
Zip

29455
29456
29458
29461
29464
29466
29468
29469
29470
29471
29472
29474
29475
29477
29479
29481
29482
29483
29485
29486
29487
29488
29492
29493
29501
29505
29506
29510
29511
29512
29516
29518
29519
29520
29525
29526
29527
29530
29532
29536
29540
29541
29543

Rep. Cases

Est. Cases

Total Cases

15
23
3
66
68
44
3
0
5
2
3
0
3
5
9
0
8
29
35
12
4
20
11
0
117
46
67
8
5
43
5
3
0
25
5
23
31
9
45
46
15
20
0

92
141
18
405
418
270
18
6
31
12
18
6
18
31
55
6
49
178
215
74
25
123
68
6
719
283
412
49
31
264
31
18
6
154
31
141
190
55
276
283
92
123
6

107
164
21
471
486
314
21
6
36
14
21
6
21
36
64
6
57
207
250
86
29
143
79
6
836
329
479
57
36
307
36
21
6
179
36
164
221
64
321
329
107
143
6

COVID-19 Cases by Zip Code
Zip

29544
29545
29546
29547
29550
29554
29555
29556
29560
29563
29564
29565
29566
29567
29568
29569
29570
29571
29572
29574
29575
29576
29577
29579
29580
29581
29582
29583
29584
29585
29588
29590
29591
29592
29593
29594
29596
29601
29605
29607
29609
29611
29615

Rep. Cases

Est. Cases

Total Cases

5
1
5
6
78
27
9
55
33
10
0
8
11
3
13
22
1
21
6
15
12
24
24
21
4
5
5
13
2
12
33
6
16
0
1
0
0
26
76
49
59
72
46

31
6
31
37
479
166
55
338
203
61
6
49
68
18
80
135
6
129
37
92
74
147
147
129
25
31
31
80
12
74
203
37
98
6
6
6
6
160
467
301
362
442
283

36
7
36
43
557
193
64
393
236
71
6
57
79
21
93
157
7
150
43
107
86
171
171
150
29
36
36
93
14
86
236
43
114
6
7
6
6
186
543
350
421
514
329

COVID-19 Cases by Zip Code
Zip

29617
29620
29621
29624
29625
29626
29627
29628
29630
29631
29634
29635
29638
29639
29640
29642
29643
29644
29645
29646
29649
29650
29651
29653
29654
29655
29657
29658
29661
29662
29664
29665
29666
29667
29669
29670
29671
29672
29673
29676
29678
29680
29681

Rep. Cases

Est. Cases

Total Cases

29
23
42
19
25
8
13
4
1
5
0
1
2
1
18
26
0
22
10
24
21
40
66
0
8
11
9
0
3
20
0
0
6
0
16
4
3
6
37
6
11
46
58

178
141
258
117
154
49
80
25
6
31
6
6
12
6
111
160
6
135
61
147
129
246
405
6
49
68
55
6
18
123
6
6
37
6
98
25
18
37
227
37
68
283
356

207
164
300
136
179
57
93
29
7
36
6
7
14
7
129
186
6
157
71
171
150
286
471
6
57
79
64
6
21
143
6
6
43
6
114
29
21
43
264
43
79
329
414

COVID-19 Cases by Zip Code
Zip

29682
29683
29684
29685
29686
29687
29689
29690
29691
29692
29693
29696
29697
29702
29704
29706
29707
29708
29709
29710
29712
29714
29715
29717
29718
29720
29726
29727
29728
29729
29730
29732
29741
29742
29743
29745
29801
29803
29805
29809
29810
29812
29817

Rep. Cases

Est. Cases

Total Cases

3
0
5
0
0
53
2
15
2
6
6
0
8
2
2
16
21
23
9
34
1
8
34
2
5
71
0
0
12
3
46
64
4
1
1
12
18
20
2
0
10
13
9

18
6
31
0
6
326
12
92
12
37
37
6
49
12
12
98
129
141
55
209
6
49
209
12
31
436
6
6
74
18
283
393
25
6
6
74
111
123
12
6
61
80
55

21
6
36
0
6
379
14
107
14
43
43
6
57
14
14
114
150
164
64
243
7
57
243
14
36
507
6
6
86
21
329
457
29
7
7
86
129
143
14
6
71
93
64

COVID-19 Cases by Zip Code
Zip

29819
29821
29824
29827
29828
29829
29831
29832
29835
29836
29838
29840
29841
29842
29843
29845
29847
29848
29849
29851
29853
29856
29860
29902
29904
29906
29907
29909
29910
29911
29912
29915
29916
29918
29920
29921
29922
29923
29924
29926
29927
29928
29929

Rep. Cases

Est. Cases

Total Cases

0
0
6
7
0
5
2
18
7
0
0
0
31
3
0
0
5
0
0
2
6
2
13
84
0
41
22
14
48
1
1
1
0
8
10
0
1
0
10
17
5
11
4

6
6
37
43
6
31
12
111
43
6
6
6
190
18
6
6
31
6
6
12
37
12
80
516
6
252
135
86
295
6
6
6
6
49
61
6
6
6
61
104
31
68
25

6
6
43
50
6
36
14
129
50
6
6
6
221
21
6
6
36
6
6
14
43
14
93
600
6
293
157
100
343
7
7
7
6
57
71
6
7
6
71
121
36
79
29

COVID-19 Cases by Zip Code
Zip

29932
29934
29935
29936
29940
29941
29943
29944
29945

Rep. Cases

Est. Cases

Total Cases

1
1
9
14
2
1
0
5
4

6
6
55
86
12
6
6
31
25

7
7
64
100
14
7
6
36
29

