COVID-19 Cases, by Zip Code
Reported Cases
0 Cases
1 - 5 Cases
6 - 15 Cases
16 - 40 Cases
>40 Cases

© OpenStreetMap

COVID-19 Cases by Zip Code
Zip

29001
29003
29006
29009
29010
29014
29015
29016
29018
29020
29030
29031
29032
29033
29036
29037
29038
29039
29040
29042
29044
29045
29047
29048
29051
29052
29053
29054
29055
29056
29058
29059
29061
29063
29065
29067
29069
29070
29072
29073
29074
29075
29078

Rep. Cases

Est. Cases

Total Cases

12
9
25
9
182
3
5
63
2
146
1
2
8
14
60
0
4
5
21
11
15
110
3
10
7
7
48
13
18
5
5
14
41
60
1
12
14
27
106
77
0
3
54

74
55
154
55
1,118
18
31
387
12
897
6
12
49
86
369
6
25
31
129
68
92
676
18
61
43
43
295
80
111
31
31
86
252
369
6
74
86
166
651
473
6
18
332

86
64
179
64
1,300
21
36
450
14
1,043
7
14
57
100
429
6
29
36
150
79
107
786
21
71
50
50
343
93
129
36
36
100
293
429
7
86
100
193
757
550
6
21
386

COVID-19 Cases by Zip Code
Zip

29080
29081
29082
29101
29102
29104
29105
29107
29108
29111
29112
29113
29114
29115
29118
29122
29123
29125
29126
29127
29128
29129
29130
29133
29135
29137
29138
29142
29145
29146
29148
29150
29152
29153
29154
29160
29161
29162
29163
29164
29166
29168
29169

Rep. Cases

Est. Cases

Total Cases

23
0
0
11
190
5
3
4
31
4
17
0
13
50
28
0
8
13
1
10
31
7
116
1
8
11
129
10
1
2
71
119
3
54
104
19
38
13
13
10
0
5
92

141
6
6
68
1,167
31
18
25
190
25
104
6
80
307
172
6
49
80
6
61
190
43
713
6
49
68
792
61
6
12
436
731
18
332
639
117
233
80
80
61
6
31
565

164
6
6
79
1,357
36
21
29
221
29
121
6
93
357
200
6
57
93
7
71
221
50
829
7
57
79
921
71
7
14
507
850
21
386
743
136
271
93
93
71
6
36
657

COVID-19 Cases by Zip Code
Zip

29170
29172
29175
29178
29180
29201
29203
29204
29205
29206
29207
29208
29209
29210
29212
29223
29229
29301
29302
29303
29306
29307
29316
29321
29322
29323
29325
29330
29332
29333
29334
29335
29340
29341
29346
29349
29351
29353
29355
29356
29360
29365
29369

Rep. Cases

Est. Cases

Total Cases

41
24
1
4
37
45
160
64
34
34
104
2
87
146
50
290
210
47
24
34
38
25
41
1
13
19
15
6
1
0
30
5
16
10
0
83
0
2
1
12
17
27
17

252
147
6
25
227
276
983
393
209
209
639
12
534
897
307
1,781
1,290
289
147
209
233
154
252
6
80
117
92
37
6
6
184
31
98
61
6
510
6
12
6
74
104
166
104

293
171
7
29
264
321
1,143
457
243
243
743
14
621
1,043
357
2,071
1,500
336
171
243
271
179
293
7
93
136
107
43
7
6
214
36
114
71
6
593
6
14
7
86
121
193
121

COVID-19 Cases by Zip Code
Zip

29370
29372
29374
29375
29376
29377
29379
29384
29385
29388
29401
29403
29404
29405
29406
29407
29409
29410
29412
29414
29418
29420
29424
29425
29426
29429
29431
29432
29434
29435
29436
29437
29438
29439
29440
29445
29446
29448
29449
29450
29451
29452
29453

Rep. Cases

Est. Cases

Total Cases

3
10
5
1
17
0
30
1
36
21
17
31
3
42
37
48
1
51
45
45
44
35
0
22
1
6
0
1
0
4
2
1
1
2
42
42
2
3
12
3
7
0
1

18
61
31
6
104
6
184
6
221
129
104
190
18
258
227
295
6
313
276
276
270
215
6
135
6
37
6
6
6
25
12
6
6
12
258
258
12
18
74
18
43
6
6

21
71
36
7
121
6
214
7
257
150
121
221
21
300
264
343
7
364
321
321
314
250
6
157
7
43
6
7
6
29
14
7
7
14
300
300
14
21
86
21
50
6
7

COVID-19 Cases by Zip Code
Zip

29455
29456
29458
29461
29464
29466
29468
29469
29470
29471
29472
29474
29475
29477
29479
29481
29482
29483
29485
29486
29487
29488
29492
29493
29501
29505
29506
29510
29511
29512
29516
29518
29519
29520
29525
29526
29527
29530
29532
29536
29540
29541
29543

Rep. Cases

Est. Cases

Total Cases

18
37
3
75
71
48
2
0
5
5
3
1
5
7
12
4
8
56
44
17
5
65
11
0
196
96
102
9
8
98
6
6
0
87
8
38
39
12
126
91
22
39
1

111
227
18
461
436
295
12
6
31
31
18
6
31
43
74
25
49
344
270
104
31
399
68
6
1,204
590
627
55
49
602
37
37
6
534
49
233
240
74
774
559
135
240
6

129
264
21
536
507
343
14
6
36
36
21
7
36
50
86
29
57
400
314
121
36
464
79
6
1,400
686
729
64
57
700
43
43
6
621
57
271
279
86
900
650
157
279
7

COVID-19 Cases by Zip Code
Zip

29544
29545
29546
29547
29550
29554
29555
29556
29560
29563
29564
29565
29566
29567
29568
29569
29570
29571
29572
29574
29575
29576
29577
29579
29580
29581
29582
29583
29584
29585
29588
29590
29591
29592
29593
29594
29596
29601
29605
29607
29609
29611
29615

Rep. Cases

Est. Cases

Total Cases

5
5
5
13
97
35
12
149
62
15
4
29
16
4
28
78
9
39
7
22
16
28
34
34
10
14
12
22
4
14
40
13
31
1
2
0
6
37
112
78
119
171
70

31
31
31
80
596
215
74
915
381
92
25
178
98
25
172
479
55
240
43
135
98
172
209
209
61
86
74
135
25
86
246
80
190
6
12
6
37
227
688
479
731
1,050
430

36
36
36
93
693
250
86
1,064
443
107
29
207
114
29
200
557
64
279
50
157
114
200
243
243
71
100
86
157
29
100
286
93
221
7
14
6
43
264
800
557
850
1,221
500

COVID-19 Cases by Zip Code
Zip

29617
29620
29621
29624
29625
29626
29627
29628
29630
29631
29634
29635
29638
29639
29640
29642
29643
29644
29645
29646
29649
29650
29651
29653
29654
29655
29657
29658
29661
29662
29664
29665
29666
29667
29669
29670
29671
29672
29673
29676
29678
29680
29681

Rep. Cases

Est. Cases

Total Cases

110
26
58
27
30
10
16
5
3
5
0
2
2
1
47
55
0
32
18
69
31
61
106
2
10
14
10
0
9
24
0
0
9
0
26
6
9
7
53
6
17
67
91

676
160
356
166
184
61
98
31
18
31
6
12
12
6
289
338
6
197
111
424
190
375
651
6
61
86
61
6
55
147
6
6
55
6
160
37
55
43
326
37
104
412
559

786
186
414
193
214
71
114
36
21
36
6
14
14
7
336
393
6
229
129
493
221
436
757
8
71
100
71
6
64
171
6
6
64
6
186
43
64
50
379
43
121
479
650

COVID-19 Cases by Zip Code
Zip

29682
29683
29684
29685
29686
29687
29689
29690
29691
29692
29693
29696
29697
29702
29704
29706
29707
29708
29709
29710
29712
29714
29715
29717
29718
29720
29726
29727
29728
29729
29730
29732
29741
29742
29743
29745
29801
29803
29805
29809
29810
29812
29817

Rep. Cases

Est. Cases

Total Cases

3
1
5
0
0
89
2
33
4
9
12
3
12
4
4
22
29
40
15
47
3
9
48
2
8
90
0
2
18
6
73
122
5
2
1
24
30
34
2
2
16
20
15

18
6
31
6
6
547
12
203
25
55
74
18
74
25
25
135
178
246
92
289
18
55
295
12
49
553
6
6
111
37
448
749
31
12
6
147
184
209
12
12
98
123
92

21
7
36
6
6
636
14
236
29
64
86
21
86
29
29
157
207
286
107
336
21
64
343
14
57
643
6
8
129
43
521
871
36
14
7
171
214
243
14
14
114
143
107

COVID-19 Cases by Zip Code
Zip

29819
29821
29824
29827
29828
29829
29831
29832
29835
29836
29838
29840
29841
29842
29843
29845
29847
29848
29849
29851
29853
29856
29860
29902
29904
29906
29907
29909
29910
29911
29912
29915
29916
29918
29920
29921
29922
29923
29924
29926
29927
29928
29929

Rep. Cases

Est. Cases

Total Cases

0
0
9
13
0
16
4
26
7
0
1
0
48
6
0
0
6
1
0
8
9
2
19
95
0
55
27
18
80
2
1
1
0
9
16
0
2
1
12
25
15
13
4

6
6
55
80
6
98
25
160
43
6
6
6
295
37
6
6
37
6
6
49
55
12
117
584
6
338
166
111
491
12
6
6
6
55
98
6
12
6
74
154
92
80
25

6
6
64
93
6
114
29
186
50
6
7
6
343
43
6
6
43
7
6
57
64
14
136
679
6
393
193
129
571
14
7
7
6
64
114
6
14
7
86
179
107
93
29

COVID-19 Cases by Zip Code
Zip

29932
29934
29935
29936
29940
29941
29943
29944
29945

Rep. Cases

Est. Cases

Total Cases

1
2
11
20
2
1
1
8
6

6
12
68
123
12
6
6
49
37

7
14
79
143
14
7
7
57
43

